1.600173951507630754e-01 0.000000000000000000e+00 0.000000000000000000e+00 0.000000000000000000e+00 0.000000000000000000e+00 0.000000000000000000e+00 0.000000000000000000e+00 0.000000000000000000e+00 0.000000000000000000e+00 0.000000000000000000e+00
9.891213788419001007e-02 6.702401738837177048e-01 0.000000000000000000e+00 0.000000000000000000e+00 0.000000000000000000e+00 0.000000000000000000e+00 0.000000000000000000e+00 0.000000000000000000e+00 0.000000000000000000e+00 0.000000000000000000e+00
5.954104341416693305e-04 1.239787164433226729e-01 1.073196277535670040e+00 2.176095785464819991e-05 0.000000000000000000e+00 0.000000000000000000e+00 0.000000000000000000e+00 0.000000000000000000e+00 0.000000000000000000e+00 0.000000000000000000e+00
6.727801515725074472e-06 7.047290227499326560e-04 1.674932738620249495e-01 6.666034219614380696e-01 0.000000000000000000e+00 0.000000000000000000e+00 0.000000000000000000e+00 0.000000000000000000e+00 0.000000000000000000e+00 0.000000000000000000e+00
0.000000000000000000e+00 1.366584796967549795e-04 3.330685450284268101e-02 3.854518464793834642e-01 5.372684488027054117e-01 3.308903403507236902e-05 0.000000000000000000e+00 0.000000000000000000e+00 0.000000000000000000e+00 0.000000000000000000e+00
0.000000000000000000e+00 6.430987279847292354e-05 1.851083370803453462e-02 2.094927412666981736e-01 6.507637689781351487e-01 8.513808457224117943e-01 3.886172332861179395e-03 0.000000000000000000e+00 0.000000000000000000e+00 0.000000000000000000e+00
0.000000000000000000e+00 2.679578033269704583e-06 1.849502599351017431e-03 2.093404145617158013e-02 6.639350959489830062e-02 2.984630869963527666e-01 7.719221759520857873e-01 2.233489487494325423e-02 0.000000000000000000e+00 0.000000000000000000e+00
0.000000000000000000e+00 0.000000000000000000e+00 7.376933444704911799e-04 9.009036551824358557e-03 2.623527899356360021e-02 1.137766435295963358e-01 4.422749338453474954e-01 9.362708164094512009e-01 7.594513745234211799e-02 9.613331371229879435e-03
0.000000000000000000e+00 2.679578033269704583e-06 3.846543867596133293e-04 4.917976475150495456e-03 1.431665975092147498e-02 5.669805981909651488e-02 1.978382594040979381e-01 5.824687986359826652e-01 1.431878723565403355e+00 3.041259809858234964e-01
0.000000000000000000e+00 2.679578033269704583e-06 2.002310506419904801e-04 2.807163563249618493e-03 8.232079356779846771e-03 2.508148779858486443e-02 7.526339261165088113e-02 1.964606601276629727e-01 5.835118060921619110e-01 2.699815261878973693e+00
