           0.01         0.11009         0.21018
        0.31027         0.41036         0.51045
       0.610541        0.710631        0.810721
       0.910811          1.0109         1.11099
        1.21108         1.31117         1.41126
        1.51135         1.61144         1.71153
        1.81162         1.91171          2.0118
        2.11189         2.21198         2.31207
        2.41216         2.51225         2.61234
        2.71243         2.81252         2.91261
         3.0127         3.11279         3.21288
        3.31297         3.41306         3.51315
        3.61324         3.71333         3.81342
        3.91351          4.0136         4.11369
        4.21378         4.31387         4.41396
        4.51405         4.61414         4.71423
        4.81432         4.91441          5.0145
        5.11459         5.21468         5.31477
        5.41486         5.51495         5.61505
        5.71514         5.81523         5.91532
        6.01541          6.1155         6.21559
        6.31568         6.41577         6.51586
        6.61595         6.71604         6.81613
        6.91622         7.01631          7.1164
        7.21649         7.31658         7.41667
        7.51676         7.61685         7.71694
        7.81703         7.91712         8.01721
         8.1173         8.21739         8.31748
        8.41757         8.51766         8.61775
        8.71784         8.81793         8.91802
        9.01811          9.1182         9.21829
        9.31838         9.41847         9.51856
        9.61865         9.71874         9.81883
        9.91892          10.019         10.1191
        10.2192         10.3193         10.4194
        10.5195         10.6195         10.7196
        10.8197         10.9198         11.0199
          11.12         11.2201         11.3202
        11.4203         11.5204         11.6205
        11.7205         11.8206         11.9207
        12.0208         12.1209          12.221
        12.3211         12.4212         12.5213
        12.6214         12.7214         12.8215
        12.9216         13.0217         13.1218
        13.2219          13.322         13.4221
        13.5222         13.6223         13.7223
        13.8224         13.9225         14.0226
        14.1227         14.2228         14.3229
         14.423         14.5231         14.6232
        14.7232         14.8233         14.9234
        15.0235         15.1236         15.2237
        15.3238         15.4239          15.524
        15.6241         15.7241         15.8242
        15.9243         16.0244         16.1245
        16.2246         16.3247         16.4248
        16.5249          16.625          16.725
        16.8251         16.9252         17.0253
        17.1254         17.2255         17.3256
        17.4257         17.5258         17.6259
        17.7259          17.826         17.9261
        18.0262         18.1263         18.2264
        18.3265         18.4266         18.5267
        18.6268         18.7268         18.8269
         18.927         19.0271         19.1272
        19.2273         19.3274         19.4275
        19.5276         19.6277         19.7277
        19.8278         19.9279          20.028
        20.1281         20.2282         20.3283
        20.4284         20.5285         20.6286
        20.7286         20.8287         20.9288
        21.0289          21.129         21.2291
        21.3292         21.4293         21.5294
        21.6295         21.7295         21.8296
        21.9297         22.0298         22.1299
          22.23         22.3301         22.4302
        22.5303         22.6304         22.7305
        22.8305         22.9306         23.0307
        23.1308         23.2309          23.331
        23.4311         23.5312         23.6313
        23.7314         23.8314         23.9315
        24.0316         24.1317         24.2318
        24.3319          24.432         24.5321
        24.6322         24.7323         24.8323
        24.9324         25.0325         25.1326
        25.2327         25.3328         25.4329
         25.533         25.6331         25.7332
        25.8332         25.9333         26.0334
        26.1335         26.2336         26.3337
        26.4338         26.5339          26.634
        26.7341         26.8341         26.9342
        27.0343         27.1344         27.2345
        27.3346         27.4347         27.5348
        27.6349          27.735          27.835
        27.9351         28.0352         28.1353
        28.2354         28.3355         28.4356
        28.5357         28.6358         28.7359
        28.8359          28.936         29.0361
        29.1362         29.2363         29.3364
        29.4365         29.5366         29.6367
        29.7368         29.8368         29.9369
         30.037         30.1371         30.2372
        30.3373         30.4374         30.5375
        30.6376         30.7377         30.8377
        30.9378         31.0379          31.138
        31.2381         31.3382         31.4383
        31.5384         31.6385         31.7386
        31.8386         31.9387         32.0388
        32.1389          32.239         32.3391
        32.4392         32.5393         32.6394
        32.7395         32.8395         32.9396
        33.0397         33.1398         33.2399
          33.34         33.4401         33.5402
        33.6403         33.7404         33.8405
        33.9405         34.0406         34.1407
        34.2408         34.3409          34.441
        34.5411         34.6412         34.7413
        34.8414         34.9414         35.0415
        35.1416         35.2417         35.3418
        35.4419          35.542         35.6421
        35.7422         35.8423         35.9423
        36.0424         36.1425         36.2426
        36.3427         36.4428         36.5429
         36.643         36.7431         36.8432
        36.9432         37.0433         37.1434
        37.2435         37.3436         37.4437
        37.5438         37.6439          37.744
        37.8441         37.9441         38.0442
        38.1443         38.2444         38.3445
        38.4446         38.5447         38.6448
        38.7449          38.845          38.945
        39.0451         39.1452         39.2453
        39.3454         39.4455         39.5456
        39.6457         39.7458         39.8459
        39.9459          40.046         40.1461
        40.2462         40.3463         40.4464
        40.5465         40.6466         40.7467
        40.8468         40.9468         41.0469
         41.147         41.2471         41.3472
        41.4473         41.5474         41.6475
        41.7476         41.8477         41.9477
        42.0478         42.1479          42.248
        42.3481         42.4482         42.5483
        42.6484         42.7485         42.8486
        42.9486         43.0487         43.1488
        43.2489          43.349         43.4491
        43.5492         43.6493         43.7494
        43.8495         43.9495         44.0496
        44.1497         44.2498         44.3499
          44.45         44.5501         44.6502
        44.7503         44.8504         44.9505
        45.0505         45.1506         45.2507
        45.3508         45.4509          45.551
        45.6511         45.7512         45.8513
        45.9514         46.0514         46.1515
        46.2516         46.3517         46.4518
        46.5519          46.652         46.7521
        46.8522         46.9523         47.0523
        47.1524         47.2525         47.3526
        47.4527         47.5528         47.6529
         47.753         47.8531         47.9532
        48.0532         48.1533         48.2534
        48.3535         48.4536         48.5537
        48.6538         48.7539          48.854
        48.9541         49.0541         49.1542
        49.2543         49.3544         49.4545
        49.5546         49.6547         49.7548
        49.8549          49.955          50.055
        50.1551         50.2552         50.3553
        50.4554         50.5555         50.6556
        50.7557         50.8558         50.9559
        51.0559          51.156         51.2561
        51.3562         51.4563         51.5564
        51.6565         51.7566         51.8567
        51.9568         52.0568         52.1569
         52.257         52.3571         52.4572
        52.5573         52.6574         52.7575
        52.8576         52.9577         53.0577
        53.1578         53.2579          53.358
        53.4581         53.5582         53.6583
        53.7584         53.8585         53.9586
        54.0586         54.1587         54.2588
        54.3589          54.459         54.5591
        54.6592         54.7593         54.8594
        54.9595         55.0595         55.1596
        55.2597         55.3598         55.4599
          55.56         55.6601         55.7602
        55.8603         55.9604         56.0605
        56.1605         56.2606         56.3607
        56.4608         56.5609          56.661
        56.7611         56.8612         56.9613
        57.0614         57.1614         57.2615
        57.3616         57.4617         57.5618
        57.6619          57.762         57.8621
        57.9622         58.0623         58.1623
        58.2624         58.3625         58.4626
        58.5627         58.6628         58.7629
         58.863         58.9631         59.0632
        59.1632         59.2633         59.3634
        59.4635         59.5636         59.6637
        59.7638         59.8639          59.964
        60.0641         60.1641         60.2642
        60.3643         60.4644         60.5645
        60.6646         60.7647         60.8648
        60.9649          61.065          61.165
        61.2651         61.3652         61.4653
        61.5654         61.6655         61.7656
        61.8657         61.9658         62.0659
        62.1659          62.266         62.3661
        62.4662         62.5663         62.6664
        62.7665         62.8666         62.9667
        63.0668         63.1668         63.2669
         63.367         63.4671         63.5672
        63.6673         63.7674         63.8675
        63.9676         64.0677         64.1677
        64.2678         64.3679          64.468
        64.5681         64.6682         64.7683
        64.8684         64.9685         65.0686
        65.1686         65.2687         65.3688
        65.4689          65.569         65.6691
        65.7692         65.8693         65.9694
        66.0695         66.1695         66.2696
        66.3697         66.4698         66.5699
          66.67         66.7701         66.8702
        66.9703         67.0704         67.1705
        67.2705         67.3706         67.4707
        67.5708         67.6709          67.771
        67.8711         67.9712         68.0713
        68.1714         68.2714         68.3715
        68.4716         68.5717         68.6718
        68.7719          68.872         68.9721
        69.0722         69.1723         69.2723
        69.3724         69.4725         69.5726
        69.6727         69.7728         69.8729
         69.973         70.0731         70.1732
        70.2732         70.3733         70.4734
        70.5735         70.6736         70.7737
        70.8738         70.9739          71.074
        71.1741         71.2741         71.3742
        71.4743         71.5744         71.6745
        71.7746         71.8747         71.9748
        72.0749          72.175          72.275
        72.3751         72.4752         72.5753
        72.6754         72.7755         72.8756
        72.9757         73.0758         73.1759
        73.2759          73.376         73.4761
        73.5762         73.6763         73.7764
        73.8765         73.9766         74.0767
        74.1768         74.2768         74.3769
         74.477         74.5771         74.6772
        74.7773         74.8774         74.9775
        75.0776         75.1777         75.2777
        75.3778         75.4779          75.578
        75.6781         75.7782         75.8783
        75.9784         76.0785         76.1786
        76.2786         76.3787         76.4788
        76.5789          76.679         76.7791
        76.8792         76.9793         77.0794
        77.1795         77.2795         77.3796
        77.4797         77.5798         77.6799
          77.78         77.8801         77.9802
        78.0803         78.1804         78.2805
        78.3805         78.4806         78.5807
        78.6808         78.7809          78.881
        78.9811         79.0812         79.1813
        79.2814         79.3814         79.4815
        79.5816         79.6817         79.7818
        79.8819          79.982         80.0821
        80.1822         80.2823         80.3823
        80.4824         80.5825         80.6826
        80.7827         80.8828         80.9829
         81.083         81.1831         81.2832
        81.3832         81.4833         81.5834
        81.6835         81.7836         81.8837
        81.9838         82.0839          82.184
        82.2841         82.3841         82.4842
        82.5843         82.6844         82.7845
        82.8846         82.9847         83.0848
        83.1849          83.285          83.385
        83.4851         83.5852         83.6853
        83.7854         83.8855         83.9856
        84.0857         84.1858         84.2859
        84.3859          84.486         84.5861
        84.6862         84.7863         84.8864
        84.9865         85.0866         85.1867
        85.2868         85.3868         85.4869
         85.587         85.6871         85.7872
        85.8873         85.9874         86.0875
        86.1876         86.2877         86.3877
        86.4878         86.5879          86.688
        86.7881         86.8882         86.9883
        87.0884         87.1885         87.2886
        87.3886         87.4887         87.5888
        87.6889          87.789         87.8891
        87.9892         88.0893         88.1894
        88.2895         88.3895         88.4896
        88.5897         88.6898         88.7899
          88.89         88.9901         89.0902
        89.1903         89.2904         89.3905
        89.4905         89.5906         89.6907
        89.7908         89.8909          89.991
        90.0911         90.1912         90.2913
        90.3914         90.4914         90.5915
        90.6916         90.7917         90.8918
        90.9919          91.092         91.1921
        91.2922         91.3923         91.4923
        91.5924         91.6925         91.7926
        91.8927         91.9928         92.0929
         92.193         92.2931         92.3932
        92.4932         92.5933         92.6934
        92.7935         92.8936         92.9937
        93.0938         93.1939          93.294
        93.3941         93.4941         93.5942
        93.6943         93.7944         93.8945
        93.9946         94.0947         94.1948
        94.2949          94.395          94.495
        94.5951         94.6952         94.7953
        94.8954         94.9955         95.0956
        95.1957         95.2958         95.3959
        95.4959          95.596         95.6961
        95.7962         95.8963         95.9964
        96.0965         96.1966         96.2967
        96.3968         96.4968         96.5969
         96.697         96.7971         96.8972
        96.9973         97.0974         97.1975
        97.2976         97.3977         97.4977
        97.5978         97.6979          97.798
        97.8981         97.9982         98.0983
        98.1984         98.2985         98.3986
        98.4986         98.5987         98.6988
        98.7989          98.899         98.9991
        99.0992         99.1993         99.2994
        99.3995         99.4995         99.5996
        99.6997         99.7998         99.8999
            100         32.0451         32.0333
        32.0212         32.0089         31.9962
        31.9833         31.9702         31.9567
        31.9428         31.9287         31.9142
        31.8993          31.884         31.8683
        31.8522         31.8356         31.8186
         31.801         31.7829         31.7642
         31.745         31.7251         31.7045
        31.6832         31.6612         31.6383
        31.6146         31.5899         31.5642
        31.5375         31.5096         31.4804
        31.4499         31.4179         31.3843
         31.349         31.3117         31.2724
        31.2308         31.1867         31.1397
        31.0897         31.0361         30.9787
        30.9168           30.85         30.7775
        30.6986         30.6121         30.5169
        30.4116         30.2942         30.1624
        30.0133          29.843         29.6464
        29.4167         29.1443          28.816
        28.4121          27.903          27.242
        26.3515         25.0994         23.2786
         21.042         42.1003         208.317
        64.0726         48.4173         42.8957
        40.1198         38.4573         37.3515
        36.5628         35.9713         35.5107
        35.1414         34.8382         34.5843
        34.3682         34.1817         34.0188
        33.8751          33.747         33.6319
        33.5277         33.4328         33.3457
        33.2655         33.1911         33.1217
        33.0569         32.9959         32.9385
         32.884         32.8323         32.7831
        32.7359         32.6908         32.6473
        32.6055          32.565         32.5258
        32.4877         32.4506         32.4145
        32.3792         32.3447         32.3108
        32.2775         32.2447         32.2124
        32.1805          32.149         32.1178
        32.0869         32.0561         32.0256
        31.9952         31.9649         31.9347
        31.9045         31.8743         31.8441
        31.8138         31.7835          31.753
        31.7224         31.6915         31.6605
        31.6293         31.5977         31.5659
        31.5338         31.5013         31.4684
        31.4351         31.4013         31.3671
        31.3323         31.2971         31.2612
        31.2247         31.1875         31.1497
        31.1111         31.0717         31.0315
        30.9904         30.9484         30.9054
        30.8613         30.8162         30.7699
        30.7224         30.6735         30.6233
        30.5716         30.5183         30.4635
        30.4068         30.3483         30.2878
        30.2253         30.1604         30.0932
        30.0235          29.951         29.8755
         29.797          29.715         29.6295
          29.54         29.4464         29.3482
         29.245         29.1366         29.0223
        28.9017         28.7742         28.6391
        28.4958         28.3433         28.1807
         28.007         27.8209         27.6211
        27.4058         27.1733         26.9215
        26.6478         26.3494          26.023
         25.665         25.2712         24.8371
        24.3582         23.8309         23.2544
        22.6351         21.9978         21.4125
        21.0694         21.5081         24.4609
        36.9191         103.286         1246.39
        1092.34         234.284          126.47
        90.5935          73.612         63.9499
        57.7936         53.5594         50.4822
        48.1512         46.3274         44.8629
        43.6618         42.6591         41.8094
        41.0801          40.447         39.8921
        39.4015         38.9643         38.5722
        38.2181         37.8967         37.6034
        37.3344         37.0866         36.8575
        36.6448         36.4467         36.2615
        36.0879         35.9246         35.7706
        35.6251         35.4872         35.3561
        35.2313         35.1122         34.9984
        34.8892         34.7845         34.6838
        34.5867          34.493         34.4024
        34.3147         34.2296          34.147
        34.0666         33.9883         33.9118
        33.8372         33.7642         33.6926
        33.6225         33.5536         33.4858
        33.4191         33.3534         33.2885
        33.2245         33.1611         33.0984
        33.0363         32.9746         32.9134
        32.8525          32.792         32.7316
        32.6715         32.6115         32.5516
        32.4916         32.4317         32.3716
        32.3114         32.2511         32.1904
        32.1295         32.0682         32.0066
        31.9444         31.8818         31.8186
        31.7548         31.6903         31.6251
        31.5591         31.4923         31.4246
        31.3559         31.2862         31.2154
        31.1434         31.0702         30.9957
        30.9198         30.8425         30.7636
        30.6831         30.6009         30.5168
        30.4308         30.3428         30.2527
        30.1604         30.0656         29.9684
        29.8686          29.766         29.6604
        29.5518           29.44         29.3247
        29.2059         29.0832         28.9565
        28.8256         28.6903         28.5503
        28.4053         28.2551         28.0994
         27.938         27.7705         27.5966
        27.4161         27.2287          27.034
        26.8319         26.6222         26.4046
        26.1792         25.9462         25.7057
        25.4586         25.2058         24.9492
        24.6914         24.4363         24.1899
         23.961         23.7626         23.6143
        23.5457         23.6025         23.8563
        24.4228         25.4944         27.4047
        30.7613          36.744         47.8459
        69.9702         119.584         256.041
        820.609          8129.4         4884.35
        966.288         439.377         270.322
        193.621         151.676         125.889
        108.714          96.587         87.6385
        80.8022         75.4322         71.1163
        67.5809         64.6377         62.1534
        60.0311          58.199         56.6028
        55.2007           53.96          52.855
        51.8649         50.9731         50.1658
        49.4318         48.7617         48.1475
        47.5827         47.0616         46.5794
        46.1319         45.7155         45.3272
        44.9642         44.6241         44.3048
        44.0046         43.7217         43.4547
        43.2023         42.9633         42.7368
        42.5216         42.3171         42.1225
         41.937           41.76         41.5909
        41.4293         41.2746         41.1264
        40.9844          40.848          40.717
        40.5911           40.47         40.3534
        40.2411         40.1328         40.0283
        39.9274           39.83         39.7358
        39.6447         39.5565         39.4712
        39.3885         39.3084         39.2307
        39.1553         39.0821         39.0111
         38.942          38.875         38.8097
        38.7463         38.6845         38.6244
        38.5659         38.5088         38.4533
        38.3991         38.3463         38.2947
        38.2444         38.1953         38.1474
        38.1006         38.0548         38.0101
        37.9664         37.9237         37.8819
         37.841          37.801         37.7618
        37.7235          37.686         37.6492
        37.6132         37.5778         37.5432
        37.5093         37.4761         37.4434
        37.4114           37.38         37.3492
         37.319         37.2893         37.2601
        37.2315         37.2034         37.1758
        37.1486         37.1219         37.0957
          37.07         37.0446         37.0197
        36.9952         36.9711         36.9474
        36.9241         36.9011         36.8785
        36.8563         36.8344         36.8128
        36.7916         36.7707         36.7501
        36.7299         36.7099         36.6902
        36.6708         36.6517         36.6329
        36.6143          36.596         36.5779
        36.5601         36.5426         36.5252
        36.5082         36.4913         36.4747
        36.4583         36.4421         36.4262
        36.4104         36.3948         36.3795
        36.3643         36.3494         36.3346
          36.32         36.3056         36.2913
        36.2773         36.2634         36.2497
        36.2361         36.2227         36.2095
        36.1964         36.1835         36.1707
        36.1581         36.1456         36.1333
        36.1211          36.109         36.0971
        36.0853         36.0737         36.0621
        36.0507         36.0395         36.0283
        36.0173         36.0063         35.9955
        35.9849         35.9743         35.9638
        35.9535         35.9432         35.9331
         35.923         35.9131         35.9033
        35.8935         35.8839         35.8743
        35.8649         35.8555         35.8463
        35.8371          35.828          35.819
        35.8101         35.8013         35.7926
        35.7839         35.7753         35.7668
        35.7584         35.7501         35.7418
        35.7336         35.7255         35.7175
        35.7095         35.7016         35.6938
        35.6861         35.6784         35.6708
        35.6632         35.6557         35.6483
         35.641         35.6337         35.6264
        35.6193         35.6122         35.6051
        35.5981         35.5912         35.5843
        35.5775         35.5708         35.5641
        35.5574         35.5508         35.5443
        35.5378         35.5314          35.525
        35.5187         35.5124         35.5062
           35.5         35.4939         35.4878
        35.4818         35.4758         35.4698
        35.4639         35.4581         35.4523
        35.4465         35.4408         35.4351
        35.4295         35.4239         35.4184
        35.4128         35.4074          35.402
        35.3966         35.3912         35.3859
        35.3806         35.3754         35.3702
        35.3651         35.3599         35.3549
        35.3498         35.3448         35.3398
        35.3349           35.33         35.3251
        35.3203         35.3155         35.3107
        35.3059         35.3012         35.2966
        35.2919         35.2873         35.2827
        35.2782         35.2737         35.2692
        35.2647         35.2603         35.2559
        35.2515         35.2472         35.2428
        35.2385         35.2343         35.2301
        35.2258         35.2217         35.2175
        35.2134         35.2093         35.2052
        35.2012         35.1972         35.1932
        35.1892         35.1852         35.1813
        35.1774         35.1735         35.1697
        35.1659         35.1621         35.1583
        35.1545         35.1508         35.1471
        35.1434         35.1397         35.1361
        35.1324         35.1288         35.1253
        35.1217         35.1182         35.1146
        35.1111         35.1077         35.1042
        35.1008         35.0973         35.0939
        35.0906         35.0872         35.0839
        35.0805         35.0772          35.074
        35.0707         35.0674         35.0642
         35.061         35.0578         35.0546
        35.0515         35.0483         35.0452
        35.0421          35.039         35.0359
        35.0329         35.0298         35.0268
        35.0238         35.0208         35.0178
        35.0149         35.0119          35.009
        35.0061         35.0032         35.0003
        34.9975         34.9946         34.9918
         34.989         34.9861         34.9834
        34.9806         34.9778         34.9751
        34.9723         34.9696         34.9669
        34.9642         34.9615         34.9589
        34.9562         34.9536         34.9509
        34.9483         34.9457         34.9431
        34.9406          34.938         34.9354
        34.9329         34.9304         34.9279
        34.9254         34.9229         34.9204
         34.918         34.9155         34.9131
        34.9106         34.9082         34.9058
        34.9034          34.901         34.8987
        34.8963          34.894         34.8916
        34.8893          34.887         34.8847
        34.8824         34.8801         34.8778
        34.8756         34.8733         34.8711
        34.8688         34.8666         34.8644
        34.8622           34.86         34.8578
        34.8557         34.8535         34.8514
        34.8492         34.8471          34.845
        34.8429         34.8408         34.8387
        34.8366         34.8345         34.8324
        34.8304         34.8283         34.8263
        34.8243         34.8222         34.8202
        34.8182         34.8162         34.8142
        34.8123         34.8103         34.8083
        34.8064         34.8044         34.8025
        34.8006         34.7987         34.7967
        34.7948          34.793         34.7911
        34.7892         34.7873         34.7855
        34.7836         34.7818         34.7799
        34.7781         34.7763         34.7744
        34.7726         34.7708          34.769
        34.7672         34.7655         34.7637
        34.7619         34.7602         34.7584
        34.7567         34.7549         34.7532
        34.7515         34.7498         34.7481
        34.7464         34.7447          34.743
        34.7413         34.7396         34.7379
        34.7363         34.7346          34.733
        34.7313         34.7297         34.7281
        34.7264         34.7248         34.7232
        34.7216           34.72         34.7184
        34.7168         34.7153         34.7137
        34.7121         34.7105          34.709
        34.7074         34.7059         34.7044
        34.7028         34.7013         34.6998
        34.6983         34.6968         34.6952
        34.6937         34.6923         34.6908
        34.6893         34.6878         34.6863
        34.6849         34.6834          34.682
        34.6805         34.6791         34.6776
        34.6762         34.6748         34.6733
        34.6719         34.6705         34.6691
        34.6677         34.6663         34.6649
        34.6635         34.6621         34.6608
        34.6594          34.658         34.6567
        34.6553          34.654         34.6526
        34.6513         34.6499         34.6486
        34.6473         34.6459         34.6446
        34.6433          34.642         34.6407
        34.6394         34.6381         34.6368
        34.6355         34.6342         34.6329
        34.6317         34.6304         34.6291
        34.6279         34.6266         34.6254
        34.6241         34.6229         34.6216
        34.6204         34.6191         34.6179
        34.6167         34.6155         34.6143
         34.613         34.6118         34.6106
        34.6094         34.6082         34.6071
        34.6059         34.6047         34.6035
        34.6023         34.6012            34.6
        34.5988         34.5977         34.5965
        34.5953         34.5942         34.5931
        34.5919         34.5908         34.5896
        34.5885         34.5874         34.5863
        34.5851          34.584         34.5829
        34.5818         34.5807         34.5796
        34.5785         34.5774         34.5763
        34.5752         34.5741         34.5731
         34.572         34.5709         34.5698
        34.5688         34.5677         34.5666
        34.5656         34.5645         34.5635
        34.5624         34.5614         34.5603
        34.5593         34.5583         34.5572
        34.5562         34.5552         34.5542
        34.5531         34.5521         34.5511
        34.5501         34.5491         34.5481
        34.5471         34.5461         3.50416
        1.07782        0.796407        0.669503
       0.594866        0.545255        0.509914
       0.483638         0.46357        0.447995
       0.435821        0.426314        0.418967
       0.413418        0.409401        0.406723
       0.405239        0.404842        0.405453
       0.407018          0.4095        0.412877
       0.417143        0.422303        0.428373
       0.435381        0.443367        0.452382
       0.462489        0.473766        0.486303
        0.50021        0.515615        0.532667
       0.551542        0.572445         0.59562
       0.621351        0.649976        0.681895
       0.717585        0.757621        0.802695
        0.85365        0.911517        0.977574
        1.05341         1.14103           1.243
         1.3626         1.50415          1.6734
        1.87808         2.12889          2.4409
        2.83594         3.34654         4.02299
        4.94638         6.25437         8.19633
        11.2629         16.5328         26.7778
        51.0527          134.72         964.923
        1691.28         160.646         55.4129
        27.6743          16.519         10.9572
        7.79457         5.82858         4.52512
        3.61767         2.96128         2.47162
        2.09697         1.80417         1.57121
        1.38296         1.22881         1.10108
       0.994172        0.903859        0.826949
       0.760978        0.704023        0.654565
       0.611391        0.573527        0.540178
       0.510696        0.484543        0.461274
       0.440516        0.421956        0.405329
        0.39041        0.377005         0.36495
       0.354103        0.344341        0.335557
       0.327658        0.320564        0.314203
       0.308514        0.303442        0.298939
       0.294962        0.291474        0.288443
       0.285839        0.283637        0.281814
       0.280349        0.279227        0.278431
       0.277948        0.277766        0.277877
       0.278272        0.278943        0.279886
       0.281097        0.282571        0.284309
       0.286307        0.288568        0.291092
       0.293881         0.29694        0.300272
       0.303882        0.307778        0.311967
       0.316458         0.32126        0.326385
       0.331846        0.337656         0.34383
       0.350386        0.357343        0.364721
       0.372543        0.380834         0.38962
       0.398933        0.408804        0.419271
       0.430372        0.442151        0.454656
        0.46794        0.482061        0.497084
       0.513079        0.530126        0.548312
       0.567734        0.588501        0.610734
       0.634568        0.660157        0.687672
       0.717305        0.749276        0.783833
        0.82126        0.861879         0.90606
       0.954232         1.00689          1.0646
        1.12804         1.19798         1.27536
        1.36126         1.45699         1.56412
        1.68452         1.82052         1.97491
        2.15121         2.35377         2.58812
        2.86129         3.18242         3.56347
         4.0204         4.57488         5.25691
          6.109           7.193         8.60172
        10.4795         13.0611         16.7488
          22.28         31.1272         46.5927
        77.4063         153.382         437.122
        4109.79         2470.84          358.73
        135.042         70.0884         42.7664
        28.7728         20.6672         15.5587
        12.1343         9.72852         7.97454
        6.65693         5.64237         4.84479
        4.20663         3.68821         3.26146
        2.90606         2.60704         2.35314
        2.13579         1.94836         1.78563
        1.64351          1.5187         1.40853
        1.31084         1.22386          1.1461
        1.07634         1.01355        0.956853
       0.905524        0.858931        0.816535
       0.777875        0.742548        0.710209
       0.680556        0.653323        0.628279
        0.60522        0.583967         0.56436
       0.546258        0.529536        0.514082
       0.499796        0.486588        0.474379
       0.463097        0.452677        0.443061
       0.434196        0.426036        0.418537
       0.411661        0.405374        0.399644
       0.394442        0.389743        0.385525
       0.381766        0.378447        0.375553
       0.373069        0.370982         0.36928
       0.367953        0.366994        0.366394
       0.366149        0.366252        0.366702
       0.367495        0.368631         0.37011
       0.371931        0.374099        0.376615
       0.379485        0.382714        0.386308
       0.390276        0.394626        0.399369
       0.404516        0.410082         0.41608
       0.422528        0.429442        0.436844
       0.444754        0.453198          0.4622
       0.471791        0.482002        0.492867
       0.504424        0.516714        0.529784
       0.543682        0.558463        0.574186
       0.590919        0.608731        0.627705
       0.647926        0.669491        0.692509
       0.717097        0.743388        0.771528
       0.801681        0.834029        0.868777
       0.906154         0.94642        0.989865
        1.03682         1.08766         1.14282
        1.20277         1.26809         1.33942
         1.4175          1.5032         1.59753
        1.70169         1.81707         1.94533
        2.08844         2.24879         2.42924
        2.63329         2.86523         3.13037
        3.43536         3.78861         4.20086
        4.68601         5.26233         5.95422
        6.79478         7.82994          9.1248
        10.7742         12.9206         15.7861
         19.732         25.3791         33.8674
        47.4801          71.354         119.123
        237.581         682.536         5900.14
        3044.19         513.329         198.658
        104.267         64.0042         43.2191
        31.1169         23.4606         18.3133
        14.6882         12.0398         10.0466
        8.50925         7.29874         6.32868
        5.53943         4.88875         4.34604
        3.88869         3.49973         3.16618
        2.87801         2.62736           2.408
        2.21494         2.04413          1.8923
        1.75674          1.6352         1.52582
        1.42703         1.33751         1.25614
        1.18196         1.11415         1.05199
       0.994888        0.942301        0.893767
       0.848881        0.807287        0.768671
       0.732756        0.699296        0.668073
       0.638892        0.611579        0.585978
       0.561948        0.539365        0.518115
       0.498094        0.479209        0.461378
       0.444522        0.428572        0.413464
        0.39914        0.385546        0.372635
        0.36036        0.348681        0.337561
       0.326963        0.316856        0.307209
       0.297996        0.289191         0.28077
        0.27271        0.264993        0.257597
       0.250507        0.243705        0.237176
       0.230905        0.224879        0.219086
       0.213513         0.20815        0.202986
       0.198011        0.193217        0.188594
       0.184135        0.179831        0.175677
       0.171664        0.167787         0.16404
       0.160416        0.156911        0.153519
       0.150235        0.147056        0.143976
       0.140991        0.138098        0.135293
       0.132572        0.129931        0.127369
       0.124882        0.122466        0.120119
       0.117839        0.115623        0.113469
       0.111374        0.109336        0.107353
       0.105424        0.103545        0.101717
      0.0999356       0.0982007       0.0965103
      0.0948629        0.093257       0.0916914
      0.0901645       0.0886753       0.0872224
      0.0858046       0.0844209       0.0830702
      0.0817513       0.0804634       0.0792055
      0.0779766       0.0767758       0.0756024
      0.0744554       0.0733341       0.0722377
      0.0711656       0.0701169       0.0690909
      0.0680872       0.0671049       0.0661436
      0.0652025       0.0642812       0.0633791
      0.0624957       0.0616304       0.0607828
      0.0599523       0.0591386       0.0583411
      0.0575595       0.0567933       0.0560421
      0.0553055       0.0545832       0.0538748
        0.05318       0.0524983       0.0518294
      0.0511732       0.0505291        0.049897
      0.0492765       0.0486673       0.0480692
      0.0474819       0.0469052       0.0463388
      0.0457824       0.0452358       0.0446989
      0.0441712       0.0436528       0.0431432
      0.0426425       0.0421502       0.0416663
      0.0411905       0.0407227       0.0402627
      0.0398104       0.0393655       0.0389278
      0.0384974       0.0380739       0.0376572
      0.0372472       0.0368438       0.0364467
       0.036056       0.0356713       0.0352927
        0.03492        0.034553       0.0341917
      0.0338359       0.0334855       0.0331405
      0.0328006       0.0324659       0.0321361
      0.0318113       0.0314912       0.0311759
      0.0308652        0.030559       0.0302572
      0.0299598       0.0296667       0.0293778
       0.029093       0.0288122       0.0285354
      0.0282624       0.0279933       0.0277279
      0.0274662       0.0272081       0.0269535
      0.0267024       0.0264548       0.0262104
      0.0259694       0.0257316        0.025497
      0.0252655        0.025037       0.0248116
      0.0245891       0.0243696       0.0241529
       0.023939       0.0237278       0.0235194
      0.0233137       0.0231105         0.02291
      0.0227119       0.0225164       0.0223233
      0.0221327       0.0219444       0.0217584
      0.0215747       0.0213933       0.0212141
      0.0210371       0.0208622       0.0206894
      0.0205188       0.0203501       0.0201835
      0.0200189       0.0198562       0.0196954
      0.0195366       0.0193796       0.0192244
       0.019071       0.0189194       0.0187696
      0.0186214        0.018475       0.0183303
      0.0181872       0.0180457       0.0179058
      0.0177675       0.0176307       0.0174954
      0.0173617       0.0172295       0.0170987
      0.0169693       0.0168414       0.0167148
      0.0165897       0.0164659       0.0163434
      0.0162223       0.0161024       0.0159839
      0.0158666       0.0157505       0.0156357
      0.0155221       0.0154097       0.0152984
      0.0151884       0.0150794       0.0149716
       0.014865       0.0147594       0.0146549
      0.0145515       0.0144491       0.0143478
      0.0142475       0.0141482       0.0140499
      0.0139526       0.0138562       0.0137609
      0.0136665        0.013573       0.0134804
      0.0133888        0.013298       0.0132082
      0.0131192       0.0130311       0.0129438
      0.0128574       0.0127718        0.012687
      0.0126031       0.0125199       0.0124376
       0.012356       0.0122752       0.0121952
      0.0121159       0.0120373       0.0119595
      0.0118824       0.0118061       0.0117304
      0.0116554       0.0115812       0.0115076
      0.0114347       0.0113624       0.0112908
      0.0112199       0.0111496       0.0110799
      0.0110109       0.0109425       0.0108746
      0.0108074       0.0107408       0.0106748
      0.0106094       0.0105445       0.0104803
      0.0104165       0.0103534       0.0102908
      0.0102287       0.0101672       0.0101062
      0.0100457      0.00998579      0.00992636
     0.00986743      0.00980901      0.00975109
     0.00969366      0.00963672      0.00958025
     0.00952426      0.00946875      0.00941369
      0.0093591      0.00930496      0.00925128
     0.00919803      0.00914523      0.00909286
     0.00904093      0.00898942      0.00893833
     0.00888766       0.0088374      0.00878755
      0.0087381      0.00868905       0.0086404
     0.00859214      0.00854426      0.00849677
     0.00844966      0.00840292      0.00835655
     0.00831055      0.00826491      0.00821964
     0.00817471      0.00813014      0.00808592
     0.00804205      0.00799851      0.00795532
     0.00791245      0.00786992      0.00782772
     0.00778584      0.00774428      0.00770304
     0.00766212       0.0076215       0.0075812
      0.0075412       0.0075015       0.0074621
       0.007423      0.00738419      0.00734568
     0.00730745       0.0072695      0.00723184
     0.00719446      0.00715735      0.00712052
     0.00708396      0.00704766      0.00701164
     0.00697587      0.00694037      0.00690513
     0.00687014      0.00683541      0.00680093
      0.0067667      0.00673271      0.00669897
     0.00666547      0.00663221      0.00659918
      0.0065664      0.00653384      0.00650152
     0.00646942      0.00643755      0.00640591
     0.00637449      0.00634328       0.0063123
     0.00628153      0.00625098      0.00622064
     0.00619051      0.00616059      0.00613088
     0.00610137      0.00607206      0.00604295
     0.00601405      0.00598534      0.00595683
     0.00592851      0.00590038      0.00587245
      0.0058447      0.00581714      0.00578976
     0.00576257      0.00573557      0.00570874
     0.00568209      0.00565562      0.00562933
     0.00560321      0.00557726      0.00555149
     0.00552588      0.00550044      0.00547517
     0.00545007      0.00542513      0.00540035
     0.00537574      0.00535128      0.00532699
     0.00530285      0.00527886      0.00525504
     0.00523136      0.00520784      0.00518447
     0.00516124      0.00513817      0.00511524
     0.00509246      0.00506982      0.00504733
     0.00502498      0.00500277       0.0049807
     0.00495877      0.00493698      0.00491532
      0.0048938      0.00487241      0.00485116
     0.00483004      0.00480905      0.00478819
     0.00476746      0.00474685      0.00472637
     0.00470602       0.0046858       0.0046657
     0.00464572      0.00462586      0.00460612
     0.00458651      0.00456701      0.00454763
     0.00452837      0.00450922      0.00449019
     0.00447127      0.00445247      0.00443378
      0.0044152      0.00439673      0.00437837
     0.00436012      0.00434198      0.00432395
     0.00430602       0.0042882      0.00427048
     0.00425287      0.00423536      0.00421796
     0.00420065      0.00418345      0.00416635
     0.00414935      0.00413244      0.00411563
     0.00409892      0.00408231      0.00406579
     0.00404937      0.00403305      0.00401681
     0.00400067      0.00398462      0.00396866
      0.0039528      0.00393702      0.00392133
     0.00390574      0.00389023      0.00387481
     0.00385947      0.00384422      0.00382906
     0.00381398      0.00379899      0.00378408
     0.00376925      0.00375451      0.00373984
     0.00372526      0.00371076      0.00369634
       0.003682      0.00366774      0.00365356
     0.00363945      0.00362543      0.00361148
      0.0035976       0.0035838      0.00357008
     0.00355643      0.00354286      0.00352936
     0.00351593      0.00350257      0.00348929
     0.00347608      0.00346294      0.00344987
     0.00343687      0.00342394      0.00341107
     0.00339828      0.00338556       0.0033729
     0.00336031      0.00334779      0.00333533
     0.00332294      0.00331061      0.00329835
     0.00328616      0.00327402      0.00326195
     0.00324995      0.00323801      0.00322613
     0.00321431      0.00320255      0.00319085
     0.00317922      0.00316764      0.00315613
     0.00314467      0.00313327      0.00312193
     0.00311065      0.00309943      0.00308827
     0.00307716      0.00306611      0.00305511
     0.00304417      0.00303329      0.00302246
     0.00301169      0.00300097       0.0029903
     0.00297969      0.00296913      0.00295863
     0.00294818      0.00293778      0.00292743
     0.00291713      0.00290689       0.0028967
     0.00288655      0.00287646      0.00286642
     0.00285643      0.00284648      0.00283659
