           0.01         0.11009         0.21018
        0.31027         0.41036         0.51045
       0.610541        0.710631        0.810721
       0.910811          1.0109         1.11099
        1.21108         1.31117         1.41126
        1.51135         1.61144         1.71153
        1.81162         1.91171          2.0118
        2.11189         2.21198         2.31207
        2.41216         2.51225         2.61234
        2.71243         2.81252         2.91261
         3.0127         3.11279         3.21288
        3.31297         3.41306         3.51315
        3.61324         3.71333         3.81342
        3.91351          4.0136         4.11369
        4.21378         4.31387         4.41396
        4.51405         4.61414         4.71423
        4.81432         4.91441          5.0145
        5.11459         5.21468         5.31477
        5.41486         5.51495         5.61505
        5.71514         5.81523         5.91532
        6.01541          6.1155         6.21559
        6.31568         6.41577         6.51586
        6.61595         6.71604         6.81613
        6.91622         7.01631          7.1164
        7.21649         7.31658         7.41667
        7.51676         7.61685         7.71694
        7.81703         7.91712         8.01721
         8.1173         8.21739         8.31748
        8.41757         8.51766         8.61775
        8.71784         8.81793         8.91802
        9.01811          9.1182         9.21829
        9.31838         9.41847         9.51856
        9.61865         9.71874         9.81883
        9.91892          10.019         10.1191
        10.2192         10.3193         10.4194
        10.5195         10.6195         10.7196
        10.8197         10.9198         11.0199
          11.12         11.2201         11.3202
        11.4203         11.5204         11.6205
        11.7205         11.8206         11.9207
        12.0208         12.1209          12.221
        12.3211         12.4212         12.5213
        12.6214         12.7214         12.8215
        12.9216         13.0217         13.1218
        13.2219          13.322         13.4221
        13.5222         13.6223         13.7223
        13.8224         13.9225         14.0226
        14.1227         14.2228         14.3229
         14.423         14.5231         14.6232
        14.7232         14.8233         14.9234
        15.0235         15.1236         15.2237
        15.3238         15.4239          15.524
        15.6241         15.7241         15.8242
        15.9243         16.0244         16.1245
        16.2246         16.3247         16.4248
        16.5249          16.625          16.725
        16.8251         16.9252         17.0253
        17.1254         17.2255         17.3256
        17.4257         17.5258         17.6259
        17.7259          17.826         17.9261
        18.0262         18.1263         18.2264
        18.3265         18.4266         18.5267
        18.6268         18.7268         18.8269
         18.927         19.0271         19.1272
        19.2273         19.3274         19.4275
        19.5276         19.6277         19.7277
        19.8278         19.9279          20.028
        20.1281         20.2282         20.3283
        20.4284         20.5285         20.6286
        20.7286         20.8287         20.9288
        21.0289          21.129         21.2291
        21.3292         21.4293         21.5294
        21.6295         21.7295         21.8296
        21.9297         22.0298         22.1299
          22.23         22.3301         22.4302
        22.5303         22.6304         22.7305
        22.8305         22.9306         23.0307
        23.1308         23.2309          23.331
        23.4311         23.5312         23.6313
        23.7314         23.8314         23.9315
        24.0316         24.1317         24.2318
        24.3319          24.432         24.5321
        24.6322         24.7323         24.8323
        24.9324         25.0325         25.1326
        25.2327         25.3328         25.4329
         25.533         25.6331         25.7332
        25.8332         25.9333         26.0334
        26.1335         26.2336         26.3337
        26.4338         26.5339          26.634
        26.7341         26.8341         26.9342
        27.0343         27.1344         27.2345
        27.3346         27.4347         27.5348
        27.6349          27.735          27.835
        27.9351         28.0352         28.1353
        28.2354         28.3355         28.4356
        28.5357         28.6358         28.7359
        28.8359          28.936         29.0361
        29.1362         29.2363         29.3364
        29.4365         29.5366         29.6367
        29.7368         29.8368         29.9369
         30.037         30.1371         30.2372
        30.3373         30.4374         30.5375
        30.6376         30.7377         30.8377
        30.9378         31.0379          31.138
        31.2381         31.3382         31.4383
        31.5384         31.6385         31.7386
        31.8386         31.9387         32.0388
        32.1389          32.239         32.3391
        32.4392         32.5393         32.6394
        32.7395         32.8395         32.9396
        33.0397         33.1398         33.2399
          33.34         33.4401         33.5402
        33.6403         33.7404         33.8405
        33.9405         34.0406         34.1407
        34.2408         34.3409          34.441
        34.5411         34.6412         34.7413
        34.8414         34.9414         35.0415
        35.1416         35.2417         35.3418
        35.4419          35.542         35.6421
        35.7422         35.8423         35.9423
        36.0424         36.1425         36.2426
        36.3427         36.4428         36.5429
         36.643         36.7431         36.8432
        36.9432         37.0433         37.1434
        37.2435         37.3436         37.4437
        37.5438         37.6439          37.744
        37.8441         37.9441         38.0442
        38.1443         38.2444         38.3445
        38.4446         38.5447         38.6448
        38.7449          38.845          38.945
        39.0451         39.1452         39.2453
        39.3454         39.4455         39.5456
        39.6457         39.7458         39.8459
        39.9459          40.046         40.1461
        40.2462         40.3463         40.4464
        40.5465         40.6466         40.7467
        40.8468         40.9468         41.0469
         41.147         41.2471         41.3472
        41.4473         41.5474         41.6475
        41.7476         41.8477         41.9477
        42.0478         42.1479          42.248
        42.3481         42.4482         42.5483
        42.6484         42.7485         42.8486
        42.9486         43.0487         43.1488
        43.2489          43.349         43.4491
        43.5492         43.6493         43.7494
        43.8495         43.9495         44.0496
        44.1497         44.2498         44.3499
          44.45         44.5501         44.6502
        44.7503         44.8504         44.9505
        45.0505         45.1506         45.2507
        45.3508         45.4509          45.551
        45.6511         45.7512         45.8513
        45.9514         46.0514         46.1515
        46.2516         46.3517         46.4518
        46.5519          46.652         46.7521
        46.8522         46.9523         47.0523
        47.1524         47.2525         47.3526
        47.4527         47.5528         47.6529
         47.753         47.8531         47.9532
        48.0532         48.1533         48.2534
        48.3535         48.4536         48.5537
        48.6538         48.7539          48.854
        48.9541         49.0541         49.1542
        49.2543         49.3544         49.4545
        49.5546         49.6547         49.7548
        49.8549          49.955          50.055
        50.1551         50.2552         50.3553
        50.4554         50.5555         50.6556
        50.7557         50.8558         50.9559
        51.0559          51.156         51.2561
        51.3562         51.4563         51.5564
        51.6565         51.7566         51.8567
        51.9568         52.0568         52.1569
         52.257         52.3571         52.4572
        52.5573         52.6574         52.7575
        52.8576         52.9577         53.0577
        53.1578         53.2579          53.358
        53.4581         53.5582         53.6583
        53.7584         53.8585         53.9586
        54.0586         54.1587         54.2588
        54.3589          54.459         54.5591
        54.6592         54.7593         54.8594
        54.9595         55.0595         55.1596
        55.2597         55.3598         55.4599
          55.56         55.6601         55.7602
        55.8603         55.9604         56.0605
        56.1605         56.2606         56.3607
        56.4608         56.5609          56.661
        56.7611         56.8612         56.9613
        57.0614         57.1614         57.2615
        57.3616         57.4617         57.5618
        57.6619          57.762         57.8621
        57.9622         58.0623         58.1623
        58.2624         58.3625         58.4626
        58.5627         58.6628         58.7629
         58.863         58.9631         59.0632
        59.1632         59.2633         59.3634
        59.4635         59.5636         59.6637
        59.7638         59.8639          59.964
        60.0641         60.1641         60.2642
        60.3643         60.4644         60.5645
        60.6646         60.7647         60.8648
        60.9649          61.065          61.165
        61.2651         61.3652         61.4653
        61.5654         61.6655         61.7656
        61.8657         61.9658         62.0659
        62.1659          62.266         62.3661
        62.4662         62.5663         62.6664
        62.7665         62.8666         62.9667
        63.0668         63.1668         63.2669
         63.367         63.4671         63.5672
        63.6673         63.7674         63.8675
        63.9676         64.0677         64.1677
        64.2678         64.3679          64.468
        64.5681         64.6682         64.7683
        64.8684         64.9685         65.0686
        65.1686         65.2687         65.3688
        65.4689          65.569         65.6691
        65.7692         65.8693         65.9694
        66.0695         66.1695         66.2696
        66.3697         66.4698         66.5699
          66.67         66.7701         66.8702
        66.9703         67.0704         67.1705
        67.2705         67.3706         67.4707
        67.5708         67.6709          67.771
        67.8711         67.9712         68.0713
        68.1714         68.2714         68.3715
        68.4716         68.5717         68.6718
        68.7719          68.872         68.9721
        69.0722         69.1723         69.2723
        69.3724         69.4725         69.5726
        69.6727         69.7728         69.8729
         69.973         70.0731         70.1732
        70.2732         70.3733         70.4734
        70.5735         70.6736         70.7737
        70.8738         70.9739          71.074
        71.1741         71.2741         71.3742
        71.4743         71.5744         71.6745
        71.7746         71.8747         71.9748
        72.0749          72.175          72.275
        72.3751         72.4752         72.5753
        72.6754         72.7755         72.8756
        72.9757         73.0758         73.1759
        73.2759          73.376         73.4761
        73.5762         73.6763         73.7764
        73.8765         73.9766         74.0767
        74.1768         74.2768         74.3769
         74.477         74.5771         74.6772
        74.7773         74.8774         74.9775
        75.0776         75.1777         75.2777
        75.3778         75.4779          75.578
        75.6781         75.7782         75.8783
        75.9784         76.0785         76.1786
        76.2786         76.3787         76.4788
        76.5789          76.679         76.7791
        76.8792         76.9793         77.0794
        77.1795         77.2795         77.3796
        77.4797         77.5798         77.6799
          77.78         77.8801         77.9802
        78.0803         78.1804         78.2805
        78.3805         78.4806         78.5807
        78.6808         78.7809          78.881
        78.9811         79.0812         79.1813
        79.2814         79.3814         79.4815
        79.5816         79.6817         79.7818
        79.8819          79.982         80.0821
        80.1822         80.2823         80.3823
        80.4824         80.5825         80.6826
        80.7827         80.8828         80.9829
         81.083         81.1831         81.2832
        81.3832         81.4833         81.5834
        81.6835         81.7836         81.8837
        81.9838         82.0839          82.184
        82.2841         82.3841         82.4842
        82.5843         82.6844         82.7845
        82.8846         82.9847         83.0848
        83.1849          83.285          83.385
        83.4851         83.5852         83.6853
        83.7854         83.8855         83.9856
        84.0857         84.1858         84.2859
        84.3859          84.486         84.5861
        84.6862         84.7863         84.8864
        84.9865         85.0866         85.1867
        85.2868         85.3868         85.4869
         85.587         85.6871         85.7872
        85.8873         85.9874         86.0875
        86.1876         86.2877         86.3877
        86.4878         86.5879          86.688
        86.7881         86.8882         86.9883
        87.0884         87.1885         87.2886
        87.3886         87.4887         87.5888
        87.6889          87.789         87.8891
        87.9892         88.0893         88.1894
        88.2895         88.3895         88.4896
        88.5897         88.6898         88.7899
          88.89         88.9901         89.0902
        89.1903         89.2904         89.3905
        89.4905         89.5906         89.6907
        89.7908         89.8909          89.991
        90.0911         90.1912         90.2913
        90.3914         90.4914         90.5915
        90.6916         90.7917         90.8918
        90.9919          91.092         91.1921
        91.2922         91.3923         91.4923
        91.5924         91.6925         91.7926
        91.8927         91.9928         92.0929
         92.193         92.2931         92.3932
        92.4932         92.5933         92.6934
        92.7935         92.8936         92.9937
        93.0938         93.1939          93.294
        93.3941         93.4941         93.5942
        93.6943         93.7944         93.8945
        93.9946         94.0947         94.1948
        94.2949          94.395          94.495
        94.5951         94.6952         94.7953
        94.8954         94.9955         95.0956
        95.1957         95.2958         95.3959
        95.4959          95.596         95.6961
        95.7962         95.8963         95.9964
        96.0965         96.1966         96.2967
        96.3968         96.4968         96.5969
         96.697         96.7971         96.8972
        96.9973         97.0974         97.1975
        97.2976         97.3977         97.4977
        97.5978         97.6979          97.798
        97.8981         97.9982         98.0983
        98.1984         98.2985         98.3986
        98.4986         98.5987         98.6988
        98.7989          98.899         98.9991
        99.0992         99.1993         99.2994
        99.3995         99.4995         99.5996
        99.6997         99.7998         99.8999
            100         32.0451         32.0332
        32.0212         32.0088         31.9962
        31.9833         31.9701         31.9566
        31.9428         31.9286         31.9141
        31.8992          31.884         31.8683
        31.8521         31.8356         31.8185
         31.801         31.7829         31.7642
        31.7449          31.725         31.7045
        31.6832         31.6611         31.6383
        31.6145         31.5898         31.5642
        31.5374         31.5095         31.4803
        31.4498         31.4178         31.3842
        31.3488         31.3116         31.2723
        31.2307         31.1865         31.1395
        31.0894         31.0359         30.9784
        30.9165         30.8497         30.7771
        30.6981         30.6116         30.5163
        30.4109         30.2933         30.1614
        30.0121         29.8414         29.6444
        29.4141         29.1409         28.8114
        28.4058         27.8939         27.2283
        26.3299         25.0651         23.2417
        21.6626         163.164         360.297
        68.4433         48.9401         43.0499
        40.1843         38.4899         37.3702
        36.5745         35.9791         35.5162
        35.1453         34.8411         34.5865
        34.3699         34.1831           34.02
         33.876         33.7477         33.6325
        33.5283         33.4332         33.3461
        33.2658         33.1913          33.122
        33.0571         32.9961         32.9386
        32.8842         32.8325         32.7832
         32.736         32.6908         32.6474
        32.6055          32.565         32.5258
        32.4877         32.4507         32.4145
        32.3792         32.3447         32.3108
        32.2775         32.2447         32.2124
        32.1805          32.149         32.1178
        32.0868         32.0561         32.0256
        31.9952         31.9649         31.9346
        31.9045         31.8743         31.8441
        31.8138         31.7834         31.7529
        31.7223         31.6915         31.6604
        31.6292         31.5976         31.5658
        31.5337         31.5012         31.4683
         31.435         31.4012          31.367
        31.3322         31.2969          31.261
        31.2245         31.1874         31.1495
        31.1109         31.0715         31.0313
        30.9902         30.9482         30.9052
        30.8611          30.816         30.7696
        30.7221         30.6732          30.623
        30.5713          30.518         30.4631
        30.4065         30.3479         30.2874
        30.2248           30.16         30.0927
        30.0229         29.9504         29.8749
        29.7963         29.7143         29.6287
        29.5392         29.4455         29.3472
         29.244         29.1355         29.0211
        28.9004         28.7728         28.6376
        28.4941         28.3414         28.1786
        28.0047         27.8183         27.6182
        27.4026         27.1697         26.9173
        26.6431         26.3441          26.017
        25.6582         25.2636         24.8286
         24.349         23.8216         23.2463
        22.6318         22.0078          21.459
        21.2198         21.9958         26.3619
        50.1534         350.778         2152.98
        2033.59         420.526         142.051
        94.2707         75.0116         64.6163
        58.1579         53.7783         50.6233
         48.247         46.3952         44.9126
        43.6992          42.688         41.8321
        41.0982         40.4617         39.9042
        39.4115         38.9728         38.5793
        38.2243          37.902         37.6079
        37.3383         37.0901         36.8606
        36.6475         36.4491         36.2636
        36.0898         35.9263         35.7722
        35.6265         35.4884         35.3572
        35.2323         35.1132         34.9992
          34.89         34.7852         34.6844
        34.5873         34.4935         34.4029
        34.3151           34.23         34.1473
        34.0669         33.9886         33.9121
        33.8374         33.7644         33.6928
        33.6226         33.5537         33.4859
        33.4192         33.3535         33.2886
        33.2245         33.1612         33.0984
        33.0363         32.9746         32.9134
        32.8525         32.7919         32.7316
        32.6714         32.6114         32.5515
        32.4915         32.4316         32.3715
        32.3113         32.2509         32.1903
        32.1293          32.068         32.0063
        31.9442         31.8815         31.8183
        31.7545           31.69         31.6248
        31.5588          31.492         31.4242
        31.3555         31.2858          31.215
         31.143         31.0697         30.9952
        30.9193         30.8419          30.763
        30.6825         30.6002         30.5161
        30.4301         30.3421          30.252
        30.1596         30.0648         29.9675
        29.8676          29.765         29.6594
        29.5507         29.4388         29.3235
        29.2046         29.0819         28.9551
        28.8242         28.6887         28.5486
        28.4035         28.2533         28.0975
         27.936         27.7684         27.5944
        27.4138         27.2263         27.0316
        26.8294         26.6196          26.402
        26.1767         25.9437         25.7035
        25.4567         25.2045         24.9488
        24.6923         24.4392         24.1958
        23.9713         23.7795         23.6412
         23.588          23.669          23.962
         24.594         25.7799            27.9
        31.6685         38.5367         51.8029
        80.3854         158.838         541.712
        2790.72         7657.13         7027.74
        2388.67         643.868         308.044
        206.294         157.346         128.855
        110.434         97.6626         88.3501
        81.2946         75.7854         71.3774
        67.7788         64.7908         62.2741
        60.1277         58.2775         56.6673
        55.2543         54.0051         52.8932
        51.8975         51.0012         50.1901
         49.453         48.7802         48.1639
        47.5972         47.0745         46.5909
        46.1422         45.7248         45.3356
        44.9718          44.631         44.3111
        44.0103          43.727         43.4595
        43.2067         42.9674         42.7406
        42.5252         42.3204         42.1255
        41.9398         41.7626         41.5934
        41.4316         41.2768         41.1285
        40.9863         40.8498         40.7187
        40.5927         40.4715         40.3548
        40.2424          40.134         40.0295
        39.9285          39.831         39.7368
        39.6457         39.5575         39.4721
        39.3894         39.3092         39.2315
         39.156         39.0828         39.0117
        38.9427         38.8756         38.8103
        38.7468         38.6851         38.6249
        38.5664         38.5093         38.4537
        38.3995         38.3467         38.2951
        38.2448         38.1957         38.1478
        38.1009         38.0552         38.0105
        37.9667          37.924         37.8822
        37.8413         37.8013         37.7621
        37.7238         37.6862         37.6494
        37.6134         37.5781         37.5435
        37.5095         37.4763         37.4436
        37.4116         37.3802         37.3494
        37.3191         37.2895         37.2603
        37.2317         37.2035         37.1759
        37.1488         37.1221         37.0959
        37.0701         37.0448         37.0198
        36.9953         36.9712         36.9475
        36.9242         36.9012         36.8786
        36.8564         36.8345          36.813
        36.7917         36.7708         36.7502
          36.73           36.71         36.6903
        36.6709         36.6518         36.6329
        36.6144         36.5961          36.578
        36.5602         36.5426         36.5253
        36.5082         36.4914         36.4748
        36.4584         36.4422         36.4262
        36.4105         36.3949         36.3795
        36.3644         36.3494         36.3346
          36.32         36.3056         36.2914
        36.2773         36.2634         36.2497
        36.2362         36.2228         36.2095
        36.1965         36.1835         36.1708
        36.1581         36.1457         36.1333
        36.1211         36.1091         36.0972
        36.0854         36.0737         36.0622
        36.0508         36.0395         36.0283
        36.0173         36.0064         35.9956
        35.9849         35.9743         35.9639
        35.9535         35.9432         35.9331
        35.9231         35.9131         35.9033
        35.8936         35.8839         35.8744
        35.8649         35.8556         35.8463
        35.8371         35.8281         35.8191
        35.8101         35.8013         35.7926
        35.7839         35.7754         35.7669
        35.7584         35.7501         35.7418
        35.7337         35.7255         35.7175
        35.7095         35.7016         35.6938
        35.6861         35.6784         35.6708
        35.6632         35.6557         35.6483
         35.641         35.6337         35.6265
        35.6193         35.6122         35.6051
        35.5982         35.5912         35.5844
        35.5775         35.5708         35.5641
        35.5575         35.5509         35.5443
        35.5378         35.5314          35.525
        35.5187         35.5124         35.5062
           35.5         35.4939         35.4878
        35.4818         35.4758         35.4698
        35.4639         35.4581         35.4523
        35.4465         35.4408         35.4351
        35.4295         35.4239         35.4184
        35.4129         35.4074          35.402
        35.3966         35.3912         35.3859
        35.3807         35.3754         35.3702
        35.3651           35.36         35.3549
        35.3498         35.3448         35.3398
        35.3349           35.33         35.3251
        35.3203         35.3155         35.3107
         35.306         35.3012         35.2966
        35.2919         35.2873         35.2827
        35.2782         35.2737         35.2692
        35.2647         35.2603         35.2559
        35.2515         35.2472         35.2428
        35.2386         35.2343         35.2301
        35.2259         35.2217         35.2175
        35.2134         35.2093         35.2052
        35.2012         35.1972         35.1932
        35.1892         35.1852         35.1813
        35.1774         35.1735         35.1697
        35.1659         35.1621         35.1583
        35.1545         35.1508         35.1471
        35.1434         35.1397         35.1361
        35.1324         35.1288         35.1253
        35.1217         35.1182         35.1146
        35.1111         35.1077         35.1042
        35.1008         35.0974          35.094
        35.0906         35.0872         35.0839
        35.0805         35.0772          35.074
        35.0707         35.0674         35.0642
         35.061         35.0578         35.0546
        35.0515         35.0483         35.0452
        35.0421          35.039         35.0359
        35.0329         35.0298         35.0268
        35.0238         35.0208         35.0179
        35.0149         35.0119          35.009
        35.0061         35.0032         35.0003
        34.9975         34.9946         34.9918
         34.989         34.9861         34.9834
        34.9806         34.9778         34.9751
        34.9723         34.9696         34.9669
        34.9642         34.9615         34.9589
        34.9562         34.9536         34.9509
        34.9483         34.9457         34.9431
        34.9406          34.938         34.9355
        34.9329         34.9304         34.9279
        34.9254         34.9229         34.9204
         34.918         34.9155         34.9131
        34.9106         34.9082         34.9058
        34.9034          34.901         34.8987
        34.8963          34.894         34.8916
        34.8893          34.887         34.8847
        34.8824         34.8801         34.8778
        34.8756         34.8733         34.8711
        34.8688         34.8666         34.8644
        34.8622           34.86         34.8578
        34.8557         34.8535         34.8514
        34.8492         34.8471          34.845
        34.8429         34.8408         34.8387
        34.8366         34.8345         34.8324
        34.8304         34.8283         34.8263
        34.8243         34.8222         34.8202
        34.8182         34.8162         34.8142
        34.8123         34.8103         34.8083
        34.8064         34.8044         34.8025
        34.8006         34.7987         34.7968
        34.7948          34.793         34.7911
        34.7892         34.7873         34.7855
        34.7836         34.7818         34.7799
        34.7781         34.7763         34.7744
        34.7726         34.7708          34.769
        34.7672         34.7655         34.7637
        34.7619         34.7602         34.7584
        34.7567         34.7549         34.7532
        34.7515         34.7498         34.7481
        34.7464         34.7447          34.743
        34.7413         34.7396         34.7379
        34.7363         34.7346          34.733
        34.7313         34.7297         34.7281
        34.7264         34.7248         34.7232
        34.7216           34.72         34.7184
        34.7168         34.7153         34.7137
        34.7121         34.7105          34.709
        34.7074         34.7059         34.7044
        34.7028         34.7013         34.6998
        34.6983         34.6968         34.6952
        34.6938         34.6923         34.6908
        34.6893         34.6878         34.6863
        34.6849         34.6834          34.682
        34.6805         34.6791         34.6776
        34.6762         34.6748         34.6733
        34.6719         34.6705         34.6691
        34.6677         34.6663         34.6649
        34.6635         34.6621         34.6608
        34.6594          34.658         34.6567
        34.6553          34.654         34.6526
        34.6513         34.6499         34.6486
        34.6473         34.6459         34.6446
        34.6433          34.642         34.6407
        34.6394         34.6381         34.6368
        34.6355         34.6342         34.6329
        34.6317         34.6304         34.6291
        34.6279         34.6266         34.6254
        34.6241         34.6229         34.6216
        34.6204         34.6192         34.6179
        34.6167         34.6155         34.6143
        34.6131         34.6118         34.6106
        34.6094         34.6082         34.6071
        34.6059         34.6047         34.6035
        34.6023         34.6012            34.6
        34.5988         34.5977         34.5965
        34.5953         34.5942         34.5931
        34.5919         34.5908         34.5896
        34.5885         34.5874         34.5863
        34.5851          34.584         34.5829
        34.5818         34.5807         34.5796
        34.5785         34.5774         34.5763
        34.5752         34.5741         34.5731
         34.572         34.5709         34.5698
        34.5688         34.5677         34.5666
        34.5656         34.5645         34.5635
        34.5624         34.5614         34.5603
        34.5593         34.5583         34.5572
        34.5562         34.5552         34.5542
        34.5531         34.5521         34.5511
        34.5501         34.5491         34.5481
        34.5471         34.5461         3.50433
        1.07788         0.79645         0.66954
       0.594901        0.545288        0.509946
        0.48367        0.463601        0.448027
       0.435853        0.426347        0.419001
       0.413452        0.409437        0.406761
       0.405278        0.404883        0.405496
       0.407064        0.409548        0.412929
       0.417198        0.422361        0.428435
       0.435449         0.44344        0.452461
       0.462575        0.473859        0.486406
       0.500323        0.515739        0.532804
       0.551694        0.572615        0.595811
       0.621566        0.650218         0.68217
         0.7179        0.757984        0.803115
        0.85414        0.912093        0.978256
        1.05423         1.14202         1.24419
        1.36408           1.506         1.67574
        1.88111         2.13287         2.44626
        2.84333         3.35705         4.03851
        4.97033         6.29347         8.26491
        11.3952         16.8246         27.5685
        54.1046         161.715         2839.83
        4332.97         204.666         59.1983
        28.5685         16.8312         11.0932
        7.86281         5.86642         4.54773
        3.63199         2.97078         2.47816
        2.10162         1.80757         1.57374
        1.38489          1.2303         1.10226
       0.995108        0.904614        0.827565
       0.761486        0.704445        0.654918
        0.61169        0.573782        0.540397
       0.510885        0.484707        0.461417
       0.440643        0.422069        0.405429
       0.390499        0.377086        0.365024
        0.35417        0.344402        0.335614
       0.327711        0.320613        0.314249
       0.308558        0.303483        0.298978
          0.295        0.291511        0.288479
       0.285874        0.283671        0.281847
       0.280383         0.27926        0.278464
       0.277981          0.2778        0.277911
       0.278306        0.278978        0.279922
       0.281134        0.282609        0.284347
       0.286347        0.288609        0.291135
       0.293926        0.296986         0.30032
       0.303933        0.307831        0.312022
       0.316516        0.321321        0.326449
       0.331913        0.337726        0.343905
       0.350466        0.357427         0.36481
       0.372638        0.380934        0.389727
       0.399047        0.408926        0.419401
       0.430511          0.4423        0.454816
       0.468112        0.482247        0.497284
       0.513296         0.53036        0.548566
        0.56801        0.588802        0.611062
       0.634928        0.660551        0.688105
       0.717782        0.749803        0.784417
       0.821907          0.8626        0.906867
       0.955137         1.00791         1.06575
        1.12934         1.19947         1.27706
        1.36322         1.45925         1.56675
         1.6876         1.82414         1.97922
        2.15636         2.35999         2.59569
        2.87063         3.19406         3.57818
        4.03928         4.59953         5.28974
        6.15372         7.25556         8.69199
        10.6148         13.2734         17.1024
        22.9163         32.3998         49.5624
        86.3524         202.037          1176.2
        6256.08         5388.77         852.747
        170.114         77.4112         45.3035
        29.8842         21.2301         15.8739
        12.3245         9.85002         8.05573
        6.71319         5.68256         4.87426
        4.22872         3.70509         3.27458
        2.91641         2.61532         2.35984
        2.14127         1.95288          1.7894
        1.64668         1.52137         1.41081
         1.3128         1.22554         1.14756
        1.07761         1.01466        0.957832
       0.906389        0.859698        0.817218
       0.778484        0.743095        0.710701
          0.681        0.653725        0.628644
       0.605553        0.584271        0.564639
       0.546515        0.529773        0.514301
       0.499999        0.486777        0.474555
       0.463262        0.452832        0.443207
       0.434334        0.426167        0.418662
        0.41178        0.405488        0.399753
       0.394548        0.389845        0.385624
       0.381862        0.378542        0.375646
       0.373161        0.371072        0.369369
       0.368042        0.367083        0.366483
       0.366238        0.366342        0.366793
       0.367588        0.368725        0.370205
       0.372029        0.374199        0.376719
       0.379591        0.382824        0.386421
       0.390393        0.394748        0.399496
       0.404649        0.410221        0.416225
        0.42268        0.429602        0.437012
       0.444931        0.453384        0.462398
          0.472        0.482223        0.493102
       0.504674         0.51698        0.530067
       0.543985        0.558787        0.574534
       0.591291        0.609132        0.628136
       0.648391        0.669994        0.693053
       0.717687        0.744029        0.772225
       0.802441         0.83486        0.869686
       0.907153        0.947519        0.991077
        1.03816         1.08915         1.14447
        1.20462         1.27015         1.34173
        1.42011         1.50616         1.60089
        1.70553         1.82147         1.95039
        2.09431         2.25563         2.43726
        2.64276         2.87649         3.14388
        3.45171         3.80859         4.22554
        4.71688         5.30147         6.00458
        6.86072         7.91797         9.24505
        10.9429         13.1651         16.1545
        20.3148         26.3595         35.6567
        51.1433         80.3139         150.287
        445.446         2035.96         5305.42
        4682.78         1476.09         329.229
        126.682         71.1369          46.268
        32.6457         24.3128          18.826
        15.0152         12.2582         10.1981
        8.61758         7.37824         6.38833
        5.58505         4.92422         4.37403
        3.91108         3.51784         3.18099
        2.89024         2.63755         2.41656
        2.22217          2.0503         1.89758
        1.76129         1.63914         1.52925
        1.43003         1.34015         1.25847
        1.18402         1.11598         1.05362
       0.996347        0.943609        0.894943
       0.849942        0.808246        0.769541
       0.733546        0.700016        0.668729
       0.639492        0.612128        0.586482
       0.562412        0.539792        0.518508
       0.498457        0.479546        0.461689
        0.44481         0.42884        0.413713
       0.399372        0.385763        0.372837
       0.360549        0.348858        0.337726
       0.327118        0.317001        0.307346
       0.298125        0.289312        0.280883
       0.272818        0.265094        0.257693
       0.250597         0.24379        0.237256
       0.230981        0.224952        0.219154
       0.213578        0.208212        0.203044
       0.198067         0.19327        0.188644
       0.184183        0.179877        0.175721
       0.171706        0.167827        0.164078
       0.160452        0.156945        0.153552
       0.150267        0.147086        0.144005
       0.141019        0.138124        0.135318
       0.132596        0.129955        0.127392
       0.124903        0.122487        0.120139
       0.117859        0.115642        0.113487
       0.111391        0.109352        0.107369
       0.105439         0.10356        0.101731
      0.0999493       0.0982138        0.096523
      0.0948751       0.0932688       0.0917027
      0.0901755       0.0886859       0.0872326
      0.0858145       0.0844305       0.0830794
      0.0817603       0.0804721       0.0792139
      0.0779847       0.0767837         0.07561
      0.0744628       0.0733413       0.0722447
      0.0711723       0.0701233       0.0690972
      0.0680933       0.0671109       0.0661493
      0.0652081       0.0642866       0.0633844
      0.0625008       0.0616353       0.0607876
       0.059957       0.0591431       0.0583455
      0.0575637       0.0567974       0.0560461
      0.0553095       0.0545871       0.0538786
      0.0531836       0.0525018       0.0518329
      0.0511765       0.0505323       0.0499001
      0.0492795       0.0486703       0.0480721
      0.0474848        0.046908       0.0463415
       0.045785       0.0452384       0.0447014
      0.0441737       0.0436551       0.0431456
      0.0426447       0.0421524       0.0416684
      0.0411926       0.0407248       0.0402647
      0.0398123       0.0393674       0.0389297
      0.0384992       0.0380756       0.0376589
      0.0372489       0.0368454       0.0364483
      0.0360575       0.0356729       0.0352942
      0.0349214       0.0345544       0.0341931
      0.0338373       0.0334869       0.0331418
      0.0328019       0.0324671       0.0321374
      0.0318125       0.0314924        0.031177
      0.0308663       0.0305601       0.0302583
      0.0299609       0.0296677       0.0293788
       0.029094       0.0288131       0.0285363
      0.0282633       0.0279942       0.0277288
      0.0274671       0.0272089       0.0269543
      0.0267032       0.0264555       0.0262112
      0.0259702       0.0257323       0.0254977
      0.0252662       0.0250377       0.0248123
      0.0245898       0.0243702       0.0241535
      0.0239396       0.0237285         0.02352
      0.0233143       0.0231111       0.0229105
      0.0227125        0.022517       0.0223239
      0.0221332       0.0219449       0.0217589
      0.0215752       0.0213938       0.0212146
      0.0210375       0.0208627       0.0206899
      0.0205192       0.0203506       0.0201839
      0.0200193       0.0198566       0.0196958
       0.019537       0.0193799       0.0192248
      0.0190714       0.0189198       0.0187699
      0.0186218       0.0184754       0.0183306
      0.0181875        0.018046       0.0179061
      0.0177678        0.017631       0.0174958
       0.017362       0.0172298        0.017099
      0.0169696       0.0168417       0.0167151
        0.01659       0.0164661       0.0163437
      0.0162225       0.0161027       0.0159841
      0.0158668       0.0157508       0.0156359
      0.0155223       0.0154099       0.0152987
      0.0151886       0.0150797       0.0149719
      0.0148652       0.0147596       0.0146551
      0.0145517       0.0144493       0.0143479
      0.0142476       0.0141483       0.0140501
      0.0139528       0.0138564       0.0137611
      0.0136666       0.0135731       0.0134806
      0.0133889       0.0132982       0.0132083
      0.0131193       0.0130312        0.012944
      0.0128575       0.0127719       0.0126872
      0.0126032       0.0125201       0.0124377
      0.0123561       0.0122753       0.0121953
       0.012116       0.0120375       0.0119596
      0.0118826       0.0118062       0.0117305
      0.0116556       0.0115813       0.0115077
      0.0114348       0.0113625       0.0112909
        0.01122       0.0111497         0.01108
       0.011011       0.0109425       0.0108747
      0.0108075       0.0107409       0.0106749
      0.0106095       0.0105446       0.0104804
      0.0104166       0.0103535       0.0102909
      0.0102288       0.0101673       0.0101063
      0.0100458      0.00998586      0.00992643
      0.0098675      0.00980908      0.00975116
     0.00969373      0.00963678      0.00958032
     0.00952433      0.00946881      0.00941376
     0.00935916      0.00930502      0.00925133
     0.00919809      0.00914529      0.00909292
     0.00904098      0.00898947      0.00893838
     0.00888771      0.00883745       0.0087876
     0.00873815       0.0086891      0.00864045
     0.00859218      0.00854431      0.00849681
      0.0084497      0.00840296      0.00835659
     0.00831059      0.00826495      0.00821968
     0.00817475      0.00813018      0.00808596
     0.00804208      0.00799855      0.00795535
     0.00791249      0.00786996      0.00782775
     0.00778587      0.00774431      0.00770307
     0.00766215      0.00762153      0.00758123
     0.00754123      0.00750153      0.00746213
     0.00742303      0.00738422       0.0073457
     0.00730747      0.00726953      0.00723186
     0.00719448      0.00715737      0.00712054
     0.00708398      0.00704769      0.00701166
      0.0069759       0.0069404      0.00690515
     0.00687017      0.00683543      0.00680095
     0.00676672      0.00673273      0.00669899
     0.00666549      0.00663223       0.0065992
     0.00656641      0.00653386      0.00650153
     0.00646944      0.00643757      0.00640592
      0.0063745       0.0063433      0.00631232
     0.00628155        0.006251      0.00622066
     0.00619053       0.0061606      0.00613089
     0.00610138      0.00607207      0.00604297
     0.00601406      0.00598535      0.00595684
     0.00592852      0.00590039      0.00587246
     0.00584471      0.00581715      0.00578977
     0.00576258      0.00573558      0.00570875
      0.0056821      0.00565563      0.00562934
     0.00560322      0.00557727      0.00555149
     0.00552589      0.00550045      0.00547518
     0.00545008      0.00542514      0.00540036
     0.00537574      0.00535129      0.00532699
     0.00530285      0.00527887      0.00525504
     0.00523137      0.00520784      0.00518447
     0.00516125      0.00513817      0.00511525
     0.00509246      0.00506983      0.00504734
     0.00502498      0.00500277      0.00498071
     0.00495877      0.00493698      0.00491532
      0.0048938      0.00487242      0.00485116
     0.00483004      0.00480905      0.00478819
     0.00476746      0.00474685      0.00472638
     0.00470603       0.0046858       0.0046657
     0.00464572      0.00462586      0.00460612
     0.00458651      0.00456701      0.00454763
     0.00452837      0.00450922      0.00449019
     0.00447127      0.00445247      0.00443378
      0.0044152      0.00439673      0.00437837
     0.00436012      0.00434198      0.00432395
     0.00430602       0.0042882      0.00427048
     0.00425287      0.00423536      0.00421796
     0.00420065      0.00418345      0.00416635
     0.00414934      0.00413244      0.00411563
     0.00409892      0.00408231      0.00406579
     0.00404937      0.00403304      0.00401681
     0.00400067      0.00398462      0.00396866
     0.00395279      0.00393702      0.00392133
     0.00390573      0.00389022       0.0038748
     0.00385947      0.00384422      0.00382905
     0.00381398      0.00379898      0.00378407
     0.00376925       0.0037545      0.00373984
     0.00372526      0.00371076      0.00369634
       0.003682      0.00366774      0.00365355
     0.00363945      0.00362542      0.00361147
      0.0035976       0.0035838      0.00357007
     0.00355643      0.00354285      0.00352935
     0.00351592      0.00350257      0.00348928
     0.00347607      0.00346293      0.00344986
     0.00343686      0.00342393      0.00341107
     0.00339828      0.00338555      0.00337289
      0.0033603      0.00334778      0.00333532
     0.00332293      0.00331061      0.00329835
     0.00328615      0.00327402      0.00326195
     0.00324994        0.003238      0.00322612
      0.0032143      0.00320254      0.00319085
     0.00317921      0.00316764      0.00315612
     0.00314466      0.00313327      0.00312193
     0.00311065      0.00309943      0.00308826
     0.00307715       0.0030661      0.00305511
     0.00304417      0.00303328      0.00302246
     0.00301168      0.00300096       0.0029903
     0.00297969      0.00296913      0.00295862
     0.00294817      0.00293777      0.00292742
     0.00291713      0.00290688      0.00289669
     0.00288655      0.00287645      0.00286641
     0.00285642      0.00284648      0.00283658
