FUEL CELL 1, with center at (0.63,0.63)
-------------------------------------------------------------------------------


TOTAL FUEL CELL 1, with center at (0.63,0.63)
   cell  group in nuclide      mean  std. dev.
9     0         1   total  0.263396   0.008553
8     0         2   total  0.416016   0.011062
7     0         3   total  0.522659   0.022492
6     0         4   total  0.597657   0.063859
5     0         5   total  0.588947   0.059561
4     0         6   total  0.415218   0.031505
3     0         7   total  0.494930   0.051057
2     0         8   total  0.555931   0.050265
1     0         9   total  0.639698   0.044866
0     0        10   total  0.908055   0.046864

ABSOR FUEL CELL 1, with center at (0.63,0.63)
   cell  group in nuclide      mean  std. dev.
9     0         1   total  0.010974   0.000390
8     0         2   total  0.006761   0.000248
7     0         3   total  0.047001   0.003464
6     0         4   total  0.160408   0.021820
5     0         5   total  0.202728   0.026972
4     0         6   total  0.041198   0.003179
3     0         7   total  0.113610   0.012042
2     0         8   total  0.173250   0.015700
1     0         9   total  0.255431   0.017986
0     0        10   total  0.518672   0.027118

SCATTER FUEL CELL 1, with center at (0.63,0.63)
    cell  group in  group out nuclide      mean  std. dev.
99     0         1          1   total  0.122820   0.013968
98     0         1          2   total  0.052132   0.005544
97     0         1          3   total  0.000000   0.000000
96     0         1          4   total  0.000000   0.000000
95     0         1          5   total  0.000000   0.000000
94     0         1          6   total  0.000000   0.000000
93     0         1          7   total  0.000000   0.000000
92     0         1          8   total  0.000000   0.000000
91     0         1          9   total  0.000000   0.000000
90     0         1         10   total  0.000000   0.000000
89     0         2          1   total  0.000000   0.000000
88     0         2          2   total  0.364971   0.022067
87     0         2          3   total  0.002771   0.000946
86     0         2          4   total  0.000000   0.000000
85     0         2          5   total  0.000000   0.000000
84     0         2          6   total  0.000000   0.000000
83     0         2          7   total  0.000000   0.000000
82     0         2          8   total  0.000000   0.000000
81     0         2          9   total  0.000000   0.000000
80     0         2         10   total  0.000000   0.000000
79     0         3          1   total  0.000000   0.000000
78     0         3          2   total  0.000000   0.000000
77     0         3          3   total  0.464208   0.038798
76     0         3          4   total  0.004562   0.001828
75     0         3          5   total  0.000000   0.000000
74     0         3          6   total  0.000000   0.000000
73     0         3          7   total  0.000000   0.000000
72     0         3          8   total  0.000000   0.000000
71     0         3          9   total  0.000000   0.000000
70     0         3         10   total  0.000000   0.000000
69     0         4          1   total  0.000000   0.000000
68     0         4          2   total  0.000000   0.000000
67     0         4          3   total  0.000000   0.000000
66     0         4          4   total  0.394906   0.072744
65     0         4          5   total  0.022498   0.008592
64     0         4          6   total  0.000000   0.000000
63     0         4          7   total  0.000000   0.000000
62     0         4          8   total  0.000000   0.000000
61     0         4          9   total  0.000000   0.000000
60     0         4         10   total  0.000000   0.000000
59     0         5          1   total  0.000000   0.000000
58     0         5          2   total  0.000000   0.000000
57     0         5          3   total  0.000000   0.000000
56     0         5          4   total  0.000000   0.000000
55     0         5          5   total  0.361351   0.067729
54     0         5          6   total  0.031241   0.014125
53     0         5          7   total  0.000000   0.000000
52     0         5          8   total  0.000000   0.000000
51     0         5          9   total  0.000000   0.000000
50     0         5         10   total  0.000000   0.000000
49     0         6          1   total  0.000000   0.000000
48     0         6          2   total  0.000000   0.000000
47     0         6          3   total  0.000000   0.000000
46     0         6          4   total  0.000000   0.000000
45     0         6          5   total  0.000000   0.000000
44     0         6          6   total  0.338393   0.041030
43     0         6          7   total  0.013948   0.005190
42     0         6          8   total  0.000000   0.000000
41     0         6          9   total  0.000000   0.000000
40     0         6         10   total  0.000000   0.000000
39     0         7          1   total  0.000000   0.000000
38     0         7          2   total  0.000000   0.000000
37     0         7          3   total  0.000000   0.000000
36     0         7          4   total  0.000000   0.000000
35     0         7          5   total  0.000000   0.000000
34     0         7          6   total  0.005765   0.005807
33     0         7          7   total  0.308113   0.069288
32     0         7          8   total  0.017295   0.010094
31     0         7          9   total  0.000000   0.000000
30     0         7         10   total  0.000000   0.000000
29     0         8          1   total  0.000000   0.000000
28     0         8          2   total  0.000000   0.000000
27     0         8          3   total  0.000000   0.000000
26     0         8          4   total  0.000000   0.000000
25     0         8          5   total  0.000000   0.000000
24     0         8          6   total  0.000000   0.000000
23     0         8          7   total  0.012287   0.007113
22     0         8          8   total  0.344214   0.055643
21     0         8          9   total  0.057341   0.016280
20     0         8         10   total  0.000000   0.000000
19     0         9          1   total  0.000000   0.000000
18     0         9          2   total  0.000000   0.000000
17     0         9          3   total  0.000000   0.000000
16     0         9          4   total  0.000000   0.000000
15     0         9          5   total  0.000000   0.000000
14     0         9          6   total  0.000000   0.000000
13     0         9          7   total  0.000000   0.000000
12     0         9          8   total  0.012303   0.004773
11     0         9          9   total  0.288318   0.035407
10     0         9         10   total  0.046137   0.008651
9      0        10          1   total  0.000000   0.000000
8      0        10          2   total  0.000000   0.000000
7      0        10          3   total  0.000000   0.000000
6      0        10          4   total  0.000000   0.000000
5      0        10          5   total  0.000000   0.000000
4      0        10          6   total  0.000000   0.000000
3      0        10          7   total  0.000000   0.000000
2      0        10          8   total  0.000000   0.000000
1      0        10          9   total  0.023135   0.004950
0      0        10         10   total  0.340564   0.027526

NU-FISSION FUEL CELL 1, with center at (0.63,0.63)
   cell  group in nuclide      mean  std. dev.
9     0         1   total  0.025974   0.000966
8     0         2   total  0.002747   0.000073
7     0         3   total  0.025061   0.001277
6     0         4   total  0.077188   0.008649
5     0         5   total  0.068923   0.013325
4     0         6   total  0.057328   0.004588
3     0         7   total  0.202440   0.021483
2     0         8   total  0.305067   0.027670
1     0         9   total  0.466626   0.032872
0     0        10   total  0.957600   0.050047




CHI FUEL CELL 1, with center at (0.63,0.63)
   cell  group out nuclide      mean  std. dev.
9     0          1   total  0.754317   0.037151
8     0          2   total  0.245683   0.016551
7     0          3   total  0.000000   0.000000
6     0          4   total  0.000000   0.000000
5     0          5   total  0.000000   0.000000
4     0          6   total  0.000000   0.000000
3     0          7   total  0.000000   0.000000
2     0          8   total  0.000000   0.000000
1     0          9   total  0.000000   0.000000
0     0         10   total  0.000000   0.000000




FUEL CELL 2, with center at (1.8900000000000001,0.63)
-------------------------------------------------------------------------------


TOTAL FUEL CELL 2, with center at (1.8900000000000001,0.63)
   cell  group in nuclide      mean  std. dev.
9     1         1   total  0.266074   0.009327
8     1         2   total  0.416433   0.012486
7     1         3   total  0.537311   0.025784
6     1         4   total  0.591404   0.051882
5     1         5   total  0.608831   0.064061
4     1         6   total  0.416179   0.026424
3     1         7   total  0.490197   0.052887
2     1         8   total  0.555577   0.051557
1     1         9   total  0.640180   0.039641
0     1        10   total  0.904262   0.045413

ABSOR FUEL CELL 2, with center at (1.8900000000000001,0.63)
   cell  group in nuclide      mean  std. dev.
9     1         1   total  0.010940   0.000427
8     1         2   total  0.006578   0.000234
7     1         3   total  0.047654   0.004137
6     1         4   total  0.152990   0.019668
5     1         5   total  0.219040   0.033646
4     1         6   total  0.041866   0.002891
3     1         7   total  0.108945   0.012312
2     1         8   total  0.172941   0.016031
1     1         9   total  0.255906   0.015909
0     1        10   total  0.514803   0.026022

SCATTER FUEL CELL 2, with center at (1.8900000000000001,0.63)
    cell  group in  group out nuclide      mean  std. dev.
99     1         1          1   total  0.127500   0.013973
98     1         1          2   total  0.053160   0.005105
97     1         1          3   total  0.000000   0.000000
96     1         1          4   total  0.000000   0.000000
95     1         1          5   total  0.000000   0.000000
94     1         1          6   total  0.000000   0.000000
93     1         1          7   total  0.000000   0.000000
92     1         1          8   total  0.000000   0.000000
91     1         1          9   total  0.000000   0.000000
90     1         1         10   total  0.000000   0.000000
89     1         2          1   total  0.000000   0.000000
88     1         2          2   total  0.372079   0.022638
87     1         2          3   total  0.002241   0.000893
86     1         2          4   total  0.000000   0.000000
85     1         2          5   total  0.000000   0.000000
84     1         2          6   total  0.000000   0.000000
83     1         2          7   total  0.000000   0.000000
82     1         2          8   total  0.000000   0.000000
81     1         2          9   total  0.000000   0.000000
80     1         2         10   total  0.000000   0.000000
79     1         3          1   total  0.000000   0.000000
78     1         3          2   total  0.000000   0.000000
77     1         3          3   total  0.469181   0.033450
76     1         3          4   total  0.004014   0.001863
75     1         3          5   total  0.000000   0.000000
74     1         3          6   total  0.000000   0.000000
73     1         3          7   total  0.000000   0.000000
72     1         3          8   total  0.000000   0.000000
71     1         3          9   total  0.000000   0.000000
70     1         3         10   total  0.000000   0.000000
69     1         4          1   total  0.000000   0.000000
68     1         4          2   total  0.000000   0.000000
67     1         4          3   total  0.000000   0.000000
66     1         4          4   total  0.436266   0.061224
65     1         4          5   total  0.027632   0.009147
64     1         4          6   total  0.000000   0.000000
63     1         4          7   total  0.000000   0.000000
62     1         4          8   total  0.000000   0.000000
61     1         4          9   total  0.000000   0.000000
60     1         4         10   total  0.000000   0.000000
59     1         5          1   total  0.000000   0.000000
58     1         5          2   total  0.000000   0.000000
57     1         5          3   total  0.000000   0.000000
56     1         5          4   total  0.000000   0.000000
55     1         5          5   total  0.286537   0.063047
54     1         5          6   total  0.027479   0.012446
53     1         5          7   total  0.000000   0.000000
52     1         5          8   total  0.000000   0.000000
51     1         5          9   total  0.000000   0.000000
50     1         5         10   total  0.000000   0.000000
49     1         6          1   total  0.000000   0.000000
48     1         6          2   total  0.000000   0.000000
47     1         6          3   total  0.000000   0.000000
46     1         6          4   total  0.000000   0.000000
45     1         6          5   total  0.000000   0.000000
44     1         6          6   total  0.352260   0.057308
43     1         6          7   total  0.020080   0.008654
42     1         6          8   total  0.000000   0.000000
41     1         6          9   total  0.000000   0.000000
40     1         6         10   total  0.000000   0.000000
39     1         7          1   total  0.000000   0.000000
38     1         7          2   total  0.000000   0.000000
37     1         7          3   total  0.000000   0.000000
36     1         7          4   total  0.000000   0.000000
35     1         7          5   total  0.000000   0.000000
34     1         7          6   total  0.000000   0.000000
33     1         7          7   total  0.305082   0.069579
32     1         7          8   total  0.039972   0.017532
31     1         7          9   total  0.000000   0.000000
30     1         7         10   total  0.000000   0.000000
29     1         8          1   total  0.000000   0.000000
28     1         8          2   total  0.000000   0.000000
27     1         8          3   total  0.000000   0.000000
26     1         8          4   total  0.000000   0.000000
25     1         8          5   total  0.000000   0.000000
24     1         8          6   total  0.000000   0.000000
23     1         8          7   total  0.029277   0.013300
22     1         8          8   total  0.320906   0.070380
21     1         8          9   total  0.035132   0.016807
20     1         8         10   total  0.000000   0.000000
19     1         9          1   total  0.000000   0.000000
18     1         9          2   total  0.000000   0.000000
17     1         9          3   total  0.000000   0.000000
16     1         9          4   total  0.000000   0.000000
15     1         9          5   total  0.000000   0.000000
14     1         9          6   total  0.000000   0.000000
13     1         9          7   total  0.000000   0.000000
12     1         9          8   total  0.020145   0.005325
11     1         9          9   total  0.334467   0.036138
10     1         9         10   total  0.037190   0.008171
9      1        10          1   total  0.000000   0.000000
8      1        10          2   total  0.000000   0.000000
7      1        10          3   total  0.000000   0.000000
6      1        10          4   total  0.000000   0.000000
5      1        10          5   total  0.000000   0.000000
4      1        10          6   total  0.000000   0.000000
3      1        10          7   total  0.000000   0.000000
2      1        10          8   total  0.000000   0.000000
1      1        10          9   total  0.024831   0.005240
0      1        10         10   total  0.360325   0.030564

NU-FISSION FUEL CELL 2, with center at (1.8900000000000001,0.63)
   cell  group in nuclide      mean  std. dev.
9     1         1   total  0.026011   0.001081
8     1         2   total  0.002694   0.000084
7     1         3   total  0.024718   0.001295
6     1         4   total  0.073580   0.008917
5     1         5   total  0.064850   0.009520
4     1         6   total  0.059537   0.004396
3     1         7   total  0.193780   0.021943
2     1         8   total  0.304299   0.028202
1     1         9   total  0.467568   0.029082
0     1        10   total  0.950569   0.048036




CHI FUEL CELL 2, with center at (1.8900000000000001,0.63)
   cell  group out nuclide      mean  std. dev.
9     1          1   total  0.756957   0.040698
8     1          2   total  0.243043   0.019461
7     1          3   total  0.000000   0.000000
6     1          4   total  0.000000   0.000000
5     1          5   total  0.000000   0.000000
4     1          6   total  0.000000   0.000000
3     1          7   total  0.000000   0.000000
2     1          8   total  0.000000   0.000000
1     1          9   total  0.000000   0.000000
0     1         10   total  0.000000   0.000000




FUEL CELL 3, with center at (3.15,0.63)
-------------------------------------------------------------------------------


TOTAL FUEL CELL 3, with center at (3.15,0.63)
   cell  group in nuclide      mean  std. dev.
9     2         1   total  0.266631   0.010224
8     2         2   total  0.416853   0.012939
7     2         3   total  0.529503   0.023742
6     2         4   total  0.620590   0.053404
5     2         5   total  0.683415   0.082899
4     2         6   total  0.416556   0.033207
3     2         7   total  0.494439   0.060409
2     2         8   total  0.555268   0.057099
1     2         9   total  0.638106   0.041855
0     2        10   total  0.903157   0.041628

ABSOR FUEL CELL 3, with center at (3.15,0.63)
   cell  group in nuclide      mean  std. dev.
9     2         1   total  0.010821   0.000449
8     2         2   total  0.006439   0.000223
7     2         3   total  0.045646   0.003484
6     2         4   total  0.167761   0.019048
5     2         5   total  0.288817   0.047592
4     2         6   total  0.042171   0.003538
3     2         7   total  0.113130   0.014328
2     2         8   total  0.172574   0.017760
1     2         9   total  0.253862   0.016781
0     2        10   total  0.513763   0.024113

SCATTER FUEL CELL 3, with center at (3.15,0.63)
    cell  group in  group out nuclide      mean  std. dev.
99     2         1          1   total  0.124145   0.013795
98     2         1          2   total  0.051070   0.004788
97     2         1          3   total  0.000000   0.000000
96     2         1          4   total  0.000000   0.000000
95     2         1          5   total  0.000000   0.000000
94     2         1          6   total  0.000000   0.000000
93     2         1          7   total  0.000000   0.000000
92     2         1          8   total  0.000000   0.000000
91     2         1          9   total  0.000000   0.000000
90     2         1         10   total  0.000000   0.000000
89     2         2          1   total  0.000000   0.000000
88     2         2          2   total  0.371836   0.021218
87     2         2          3   total  0.001347   0.000664
86     2         2          4   total  0.000000   0.000000
85     2         2          5   total  0.000000   0.000000
84     2         2          6   total  0.000000   0.000000
83     2         2          7   total  0.000000   0.000000
82     2         2          8   total  0.000000   0.000000
81     2         2          9   total  0.000000   0.000000
80     2         2         10   total  0.000000   0.000000
79     2         3          1   total  0.000000   0.000000
78     2         3          2   total  0.000000   0.000000
77     2         3          3   total  0.495215   0.033932
76     2         3          4   total  0.005673   0.002188
75     2         3          5   total  0.000000   0.000000
74     2         3          6   total  0.000000   0.000000
73     2         3          7   total  0.000000   0.000000
72     2         3          8   total  0.000000   0.000000
71     2         3          9   total  0.000000   0.000000
70     2         3         10   total  0.000000   0.000000
69     2         4          1   total  0.000000   0.000000
68     2         4          2   total  0.000000   0.000000
67     2         4          3   total  0.000000   0.000000
66     2         4          4   total  0.422190   0.060936
65     2         4          5   total  0.019987   0.008126
64     2         4          6   total  0.000000   0.000000
63     2         4          7   total  0.000000   0.000000
62     2         4          8   total  0.000000   0.000000
61     2         4          9   total  0.000000   0.000000
60     2         4         10   total  0.000000   0.000000
59     2         5          1   total  0.000000   0.000000
58     2         5          2   total  0.000000   0.000000
57     2         5          3   total  0.000000   0.000000
56     2         5          4   total  0.000000   0.000000
55     2         5          5   total  0.297184   0.076439
54     2         5          6   total  0.030257   0.013830
53     2         5          7   total  0.000000   0.000000
52     2         5          8   total  0.000000   0.000000
51     2         5          9   total  0.000000   0.000000
50     2         5         10   total  0.000000   0.000000
49     2         6          1   total  0.000000   0.000000
48     2         6          2   total  0.000000   0.000000
47     2         6          3   total  0.000000   0.000000
46     2         6          4   total  0.000000   0.000000
45     2         6          5   total  0.000000   0.000000
44     2         6          6   total  0.351428   0.057021
43     2         6          7   total  0.021876   0.008100
42     2         6          8   total  0.000000   0.000000
41     2         6          9   total  0.000000   0.000000
40     2         6         10   total  0.000000   0.000000
39     2         7          1   total  0.000000   0.000000
38     2         7          2   total  0.000000   0.000000
37     2         7          3   total  0.000000   0.000000
36     2         7          4   total  0.000000   0.000000
35     2         7          5   total  0.000000   0.000000
34     2         7          6   total  0.000000   0.000000
33     2         7          7   total  0.459051   0.087730
32     2         7          8   total  0.030972   0.014119
31     2         7          9   total  0.000000   0.000000
30     2         7         10   total  0.000000   0.000000
29     2         8          1   total  0.000000   0.000000
28     2         8          2   total  0.000000   0.000000
27     2         8          3   total  0.000000   0.000000
26     2         8          4   total  0.000000   0.000000
25     2         8          5   total  0.000000   0.000000
24     2         8          6   total  0.000000   0.000000
23     2         8          7   total  0.004914   0.004945
22     2         8          8   total  0.331378   0.066301
21     2         8          9   total  0.058963   0.017292
20     2         8         10   total  0.000000   0.000000
19     2         9          1   total  0.000000   0.000000
18     2         9          2   total  0.000000   0.000000
17     2         9          3   total  0.000000   0.000000
16     2         9          4   total  0.000000   0.000000
15     2         9          5   total  0.000000   0.000000
14     2         9          6   total  0.000000   0.000000
13     2         9          7   total  0.000000   0.000000
12     2         9          8   total  0.013267   0.004573
11     2         9          9   total  0.347138   0.036272
10     2         9         10   total  0.034827   0.009086
9      2        10          1   total  0.000000   0.000000
8      2        10          2   total  0.000000   0.000000
7      2        10          3   total  0.000000   0.000000
6      2        10          4   total  0.000000   0.000000
5      2        10          5   total  0.000000   0.000000
4      2        10          6   total  0.000000   0.000000
3      2        10          7   total  0.000000   0.000000
2      2        10          8   total  0.000000   0.000000
1      2        10          9   total  0.020134   0.004646
0      2        10         10   total  0.390691   0.034980

NU-FISSION FUEL CELL 3, with center at (3.15,0.63)
   cell  group in nuclide      mean  std. dev.
9     2         1   total  0.025511   0.001103
8     2         2   total  0.002691   0.000085
7     2         3   total  0.025328   0.001352
6     2         4   total  0.067827   0.007702
5     2         5   total  0.072452   0.012992
4     2         6   total  0.060221   0.005291
3     2         7   total  0.201495   0.025565
2     2         8   total  0.303771   0.031264
1     2         9   total  0.463611   0.030674
0     2        10   total  0.948753   0.044508




CHI FUEL CELL 3, with center at (3.15,0.63)
   cell  group out nuclide      mean  std. dev.
9     2          1   total  0.749467   0.043975
8     2          2   total  0.250533   0.021010
7     2          3   total  0.000000   0.000000
6     2          4   total  0.000000   0.000000
5     2          5   total  0.000000   0.000000
4     2          6   total  0.000000   0.000000
3     2          7   total  0.000000   0.000000
2     2          8   total  0.000000   0.000000
1     2          9   total  0.000000   0.000000
0     2         10   total  0.000000   0.000000




FUEL CELL 4, with center at (0.63,1.8900000000000001)
-------------------------------------------------------------------------------


TOTAL FUEL CELL 4, with center at (0.63,1.8900000000000001)
   cell  group in nuclide      mean  std. dev.
9     3         1   total  0.266465   0.008326
8     3         2   total  0.415515   0.012777
7     3         3   total  0.535787   0.022489
6     3         4   total  0.648589   0.054479
5     3         5   total  0.672560   0.073943
4     3         6   total  0.414757   0.028311
3     3         7   total  0.491966   0.052602
2     3         8   total  0.555828   0.056695
1     3         9   total  0.640095   0.036586
0     3        10   total  0.907499   0.049660

ABSOR FUEL CELL 4, with center at (0.63,1.8900000000000001)
   cell  group in nuclide      mean  std. dev.
9     3         1   total  0.010909   0.000364
8     3         2   total  0.006675   0.000268
7     3         3   total  0.045115   0.003155
6     3         4   total  0.177211   0.023749
5     3         5   total  0.286683   0.047141
4     3         6   total  0.040452   0.002884
3     3         7   total  0.110682   0.012176
2     3         8   total  0.173133   0.017698
1     3         9   total  0.255822   0.014626
0     3        10   total  0.518127   0.028918

SCATTER FUEL CELL 4, with center at (0.63,1.8900000000000001)
    cell  group in  group out nuclide      mean  std. dev.
99     3         1          1   total  0.139632   0.013695
98     3         1          2   total  0.047915   0.005189
97     3         1          3   total  0.000000   0.000000
96     3         1          4   total  0.000000   0.000000
95     3         1          5   total  0.000000   0.000000
94     3         1          6   total  0.000000   0.000000
93     3         1          7   total  0.000000   0.000000
92     3         1          8   total  0.000000   0.000000
91     3         1          9   total  0.000000   0.000000
90     3         1         10   total  0.000000   0.000000
89     3         2          1   total  0.000000   0.000000
88     3         2          2   total  0.375467   0.022467
87     3         2          3   total  0.000689   0.000485
86     3         2          4   total  0.000000   0.000000
85     3         2          5   total  0.000000   0.000000
84     3         2          6   total  0.000000   0.000000
83     3         2          7   total  0.000000   0.000000
82     3         2          8   total  0.000000   0.000000
81     3         2          9   total  0.000000   0.000000
80     3         2         10   total  0.000000   0.000000
79     3         3          1   total  0.000000   0.000000
78     3         3          2   total  0.000000   0.000000
77     3         3          3   total  0.470354   0.033357
76     3         3          4   total  0.008650   0.002488
75     3         3          5   total  0.000000   0.000000
74     3         3          6   total  0.000000   0.000000
73     3         3          7   total  0.000000   0.000000
72     3         3          8   total  0.000000   0.000000
71     3         3          9   total  0.000000   0.000000
70     3         3         10   total  0.000000   0.000000
69     3         4          1   total  0.000000   0.000000
68     3         4          2   total  0.000000   0.000000
67     3         4          3   total  0.000000   0.000000
66     3         4          4   total  0.460310   0.060699
65     3         4          5   total  0.021832   0.008177
64     3         4          6   total  0.000000   0.000000
63     3         4          7   total  0.000000   0.000000
62     3         4          8   total  0.000000   0.000000
61     3         4          9   total  0.000000   0.000000
60     3         4         10   total  0.000000   0.000000
59     3         5          1   total  0.000000   0.000000
58     3         5          2   total  0.000000   0.000000
57     3         5          3   total  0.000000   0.000000
56     3         5          4   total  0.000000   0.000000
55     3         5          5   total  0.310014   0.061518
54     3         5          6   total  0.041592   0.014837
53     3         5          7   total  0.000000   0.000000
52     3         5          8   total  0.000000   0.000000
51     3         5          9   total  0.000000   0.000000
50     3         5         10   total  0.000000   0.000000
49     3         6          1   total  0.000000   0.000000
48     3         6          2   total  0.000000   0.000000
47     3         6          3   total  0.000000   0.000000
46     3         6          4   total  0.000000   0.000000
45     3         6          5   total  0.000000   0.000000
44     3         6          6   total  0.337528   0.046594
43     3         6          7   total  0.005066   0.003588
42     3         6          8   total  0.000000   0.000000
41     3         6          9   total  0.000000   0.000000
40     3         6         10   total  0.000000   0.000000
39     3         7          1   total  0.000000   0.000000
38     3         7          2   total  0.000000   0.000000
37     3         7          3   total  0.000000   0.000000
36     3         7          4   total  0.000000   0.000000
35     3         7          5   total  0.000000   0.000000
34     3         7          6   total  0.000000   0.000000
33     3         7          7   total  0.312563   0.064888
32     3         7          8   total  0.029195   0.012041
31     3         7          9   total  0.000000   0.000000
30     3         7         10   total  0.000000   0.000000
29     3         8          1   total  0.000000   0.000000
28     3         8          2   total  0.000000   0.000000
27     3         8          3   total  0.000000   0.000000
26     3         8          4   total  0.000000   0.000000
25     3         8          5   total  0.000000   0.000000
24     3         8          6   total  0.000000   0.000000
23     3         8          7   total  0.009830   0.006995
22     3         8          8   total  0.378192   0.070568
21     3         8          9   total  0.054067   0.016456
20     3         8         10   total  0.000000   0.000000
19     3         9          1   total  0.000000   0.000000
18     3         9          2   total  0.000000   0.000000
17     3         9          3   total  0.000000   0.000000
16     3         9          4   total  0.000000   0.000000
15     3         9          5   total  0.000000   0.000000
14     3         9          6   total  0.000000   0.000000
13     3         9          7   total  0.000000   0.000000
12     3         9          8   total  0.006850   0.003396
11     3         9          9   total  0.357836   0.039986
10     3         9         10   total  0.049660   0.009919
9      3        10          1   total  0.000000   0.000000
8      3        10          2   total  0.000000   0.000000
7      3        10          3   total  0.000000   0.000000
6      3        10          4   total  0.000000   0.000000
5      3        10          5   total  0.000000   0.000000
4      3        10          6   total  0.000000   0.000000
3      3        10          7   total  0.000000   0.000000
2      3        10          8   total  0.000000   0.000000
1      3        10          9   total  0.024159   0.005188
0      3        10         10   total  0.374319   0.032006

NU-FISSION FUEL CELL 4, with center at (0.63,1.8900000000000001)
   cell  group in nuclide      mean  std. dev.
9     3         1   total  0.025776   0.000912
8     3         2   total  0.002734   0.000090
7     3         3   total  0.024450   0.001193
6     3         4   total  0.075176   0.007131
5     3         5   total  0.055133   0.008411
4     3         6   total  0.056433   0.004262
3     3         7   total  0.197050   0.021704
2     3         8   total  0.304938   0.031197
1     3         9   total  0.467416   0.026729
0     3        10   total  0.956679   0.053365




CHI FUEL CELL 4, with center at (0.63,1.8900000000000001)
   cell  group out nuclide      mean  std. dev.
9     3          1   total  0.747211   0.045502
8     3          2   total  0.252789   0.017605
7     3          3   total  0.000000   0.000000
6     3          4   total  0.000000   0.000000
5     3          5   total  0.000000   0.000000
4     3          6   total  0.000000   0.000000
3     3          7   total  0.000000   0.000000
2     3          8   total  0.000000   0.000000
1     3          9   total  0.000000   0.000000
0     3         10   total  0.000000   0.000000




FUEL CELL 5, with center at (1.8900000000000001,1.8900000000000001)
-------------------------------------------------------------------------------


TOTAL FUEL CELL 5, with center at (1.8900000000000001,1.8900000000000001)
   cell  group in nuclide      mean  std. dev.
9     4         1   total  0.266110   0.009115
8     4         2   total  0.417008   0.011463
7     4         3   total  0.540588   0.021795
6     4         4   total  0.644456   0.057580
5     4         5   total  0.606246   0.069852
4     4         6   total  0.416041   0.026522
3     4         7   total  0.490690   0.059705
2     4         8   total  0.555454   0.054067
1     4         9   total  0.638273   0.036067
0     4        10   total  0.913788   0.040879

ABSOR FUEL CELL 5, with center at (1.8900000000000001,1.8900000000000001)
   cell  group in nuclide      mean  std. dev.
9     4         1   total  0.010904   0.000392
8     4         2   total  0.006513   0.000207
7     4         3   total  0.048842   0.003664
6     4         4   total  0.161281   0.017874
5     4         5   total  0.222386   0.041079
4     4         6   total  0.042015   0.002955
3     4         7   total  0.109422   0.013636
2     4         8   total  0.172799   0.016835
1     4         9   total  0.254025   0.014457
0     4        10   total  0.524119   0.023818

SCATTER FUEL CELL 5, with center at (1.8900000000000001,1.8900000000000001)
    cell  group in  group out nuclide      mean  std. dev.
99     4         1          1   total  0.125017   0.014823
98     4         1          2   total  0.046867   0.005018
97     4         1          3   total  0.000000   0.000000
96     4         1          4   total  0.000000   0.000000
95     4         1          5   total  0.000000   0.000000
94     4         1          6   total  0.000000   0.000000
93     4         1          7   total  0.000000   0.000000
92     4         1          8   total  0.000000   0.000000
91     4         1          9   total  0.000000   0.000000
90     4         1         10   total  0.000000   0.000000
89     4         2          1   total  0.000000   0.000000
88     4         2          2   total  0.356296   0.020336
87     4         2          3   total  0.002380   0.000873
86     4         2          4   total  0.000000   0.000000
85     4         2          5   total  0.000000   0.000000
84     4         2          6   total  0.000000   0.000000
83     4         2          7   total  0.000000   0.000000
82     4         2          8   total  0.000000   0.000000
81     4         2          9   total  0.000000   0.000000
80     4         2         10   total  0.000000   0.000000
79     4         3          1   total  0.000000   0.000000
78     4         3          2   total  0.000000   0.000000
77     4         3          3   total  0.457976   0.031835
76     4         3          4   total  0.004884   0.002052
75     4         3          5   total  0.000000   0.000000
74     4         3          6   total  0.000000   0.000000
73     4         3          7   total  0.000000   0.000000
72     4         3          8   total  0.000000   0.000000
71     4         3          9   total  0.000000   0.000000
70     4         3         10   total  0.000000   0.000000
69     4         4          1   total  0.000000   0.000000
68     4         4          2   total  0.000000   0.000000
67     4         4          3   total  0.000000   0.000000
66     4         4          4   total  0.512729   0.074857
65     4         4          5   total  0.017225   0.007028
64     4         4          6   total  0.000000   0.000000
63     4         4          7   total  0.000000   0.000000
62     4         4          8   total  0.000000   0.000000
61     4         4          9   total  0.000000   0.000000
60     4         4         10   total  0.000000   0.000000
59     4         5          1   total  0.000000   0.000000
58     4         5          2   total  0.000000   0.000000
57     4         5          3   total  0.000000   0.000000
56     4         5          4   total  0.000000   0.000000
55     4         5          5   total  0.281980   0.060782
54     4         5          6   total  0.032233   0.012326
53     4         5          7   total  0.000000   0.000000
52     4         5          8   total  0.000000   0.000000
51     4         5          9   total  0.000000   0.000000
50     4         5         10   total  0.000000   0.000000
49     4         6          1   total  0.000000   0.000000
48     4         6          2   total  0.000000   0.000000
47     4         6          3   total  0.000000   0.000000
46     4         6          4   total  0.000000   0.000000
45     4         6          5   total  0.000000   0.000000
44     4         6          6   total  0.379028   0.052949
43     4         6          7   total  0.009018   0.004509
42     4         6          8   total  0.000000   0.000000
41     4         6          9   total  0.000000   0.000000
40     4         6         10   total  0.000000   0.000000
39     4         7          1   total  0.000000   0.000000
38     4         7          2   total  0.000000   0.000000
37     4         7          3   total  0.000000   0.000000
36     4         7          4   total  0.000000   0.000000
35     4         7          5   total  0.000000   0.000000
34     4         7          6   total  0.011477   0.008211
33     4         7          7   total  0.329353   0.076428
32     4         7          8   total  0.022953   0.011683
31     4         7          9   total  0.000000   0.000000
30     4         7         10   total  0.000000   0.000000
29     4         8          1   total  0.000000   0.000000
28     4         8          2   total  0.000000   0.000000
27     4         8          3   total  0.000000   0.000000
26     4         8          4   total  0.000000   0.000000
25     4         8          5   total  0.000000   0.000000
24     4         8          6   total  0.000000   0.000000
23     4         8          7   total  0.009176   0.006510
22     4         8          8   total  0.297653   0.055405
21     4         8          9   total  0.045878   0.015834
20     4         8         10   total  0.000000   0.000000
19     4         9          1   total  0.000000   0.000000
18     4         9          2   total  0.000000   0.000000
17     4         9          3   total  0.000000   0.000000
16     4         9          4   total  0.000000   0.000000
15     4         9          5   total  0.000000   0.000000
14     4         9          6   total  0.000000   0.000000
13     4         9          7   total  0.000000   0.000000
12     4         9          8   total  0.003316   0.002339
11     4         9          9   total  0.349936   0.035376
10     4         9         10   total  0.029842   0.006960
9      4        10          1   total  0.000000   0.000000
8      4        10          2   total  0.000000   0.000000
7      4        10          3   total  0.000000   0.000000
6      4        10          4   total  0.000000   0.000000
5      4        10          5   total  0.000000   0.000000
4      4        10          6   total  0.000000   0.000000
3      4        10          7   total  0.000000   0.000000
2      4        10          8   total  0.000000   0.000000
1      4        10          9   total  0.020328   0.004397
0      4        10         10   total  0.365211   0.032801

NU-FISSION FUEL CELL 5, with center at (1.8900000000000001,1.8900000000000001)
   cell  group in nuclide      mean  std. dev.
9     4         1   total  0.025790   0.000966
8     4         2   total  0.002705   0.000074
7     4         3   total  0.026173   0.001478
6     4         4   total  0.061603   0.005821
5     4         5   total  0.056332   0.010673
4     4         6   total  0.057865   0.004402
3     4         7   total  0.194804   0.024298
2     4         8   total  0.304158   0.029636
1     4         9   total  0.463950   0.026427
0     4        10   total  0.967656   0.043953




CHI FUEL CELL 5, with center at (1.8900000000000001,1.8900000000000001)
   cell  group out nuclide      mean  std. dev.
9     4          1   total  0.764113   0.043625
8     4          2   total  0.235887   0.018368
7     4          3   total  0.000000   0.000000
6     4          4   total  0.000000   0.000000
5     4          5   total  0.000000   0.000000
4     4          6   total  0.000000   0.000000
3     4          7   total  0.000000   0.000000
2     4          8   total  0.000000   0.000000
1     4          9   total  0.000000   0.000000
0     4         10   total  0.000000   0.000000




FUEL CELL 6, with center at (3.15,1.8900000000000001)
-------------------------------------------------------------------------------


TOTAL FUEL CELL 6, with center at (3.15,1.8900000000000001)
   cell  group in nuclide      mean  std. dev.
9     5         1   total  0.266723   0.008149
8     5         2   total  0.417060   0.011065
7     5         3   total  0.518539   0.024467
6     5         4   total  0.617318   0.056145
5     5         5   total  0.646310   0.064763
4     5         6   total  0.414624   0.026664
3     5         7   total  0.491165   0.049984
2     5         8   total  0.556344   0.051346
1     5         9   total  0.638794   0.038863
0     5        10   total  0.915365   0.044155

ABSOR FUEL CELL 6, with center at (3.15,1.8900000000000001)
   cell  group in nuclide      mean  std. dev.
9     5         1   total  0.010766   0.000342
8     5         2   total  0.006628   0.000229
7     5         3   total  0.040861   0.003042
6     5         4   total  0.174153   0.024231
5     5         5   total  0.263442   0.035168
4     5         6   total  0.040229   0.002751
3     5         7   total  0.109885   0.011841
2     5         8   total  0.173661   0.016021
1     5         9   total  0.254540   0.015595
0     5        10   total  0.525616   0.025556

SCATTER FUEL CELL 6, with center at (3.15,1.8900000000000001)
    cell  group in  group out nuclide      mean  std. dev.
99     5         1          1   total  0.131905   0.015442
98     5         1          2   total  0.043061   0.004962
97     5         1          3   total  0.000000   0.000000
96     5         1          4   total  0.000000   0.000000
95     5         1          5   total  0.000000   0.000000
94     5         1          6   total  0.000000   0.000000
93     5         1          7   total  0.000000   0.000000
92     5         1          8   total  0.000000   0.000000
91     5         1          9   total  0.000000   0.000000
90     5         1         10   total  0.000000   0.000000
89     5         2          1   total  0.000000   0.000000
88     5         2          2   total  0.385771   0.021523
87     5         2          3   total  0.001698   0.000745
86     5         2          4   total  0.000000   0.000000
85     5         2          5   total  0.000000   0.000000
84     5         2          6   total  0.000000   0.000000
83     5         2          7   total  0.000000   0.000000
82     5         2          8   total  0.000000   0.000000
81     5         2          9   total  0.000000   0.000000
80     5         2         10   total  0.000000   0.000000
79     5         3          1   total  0.000000   0.000000
78     5         3          2   total  0.000000   0.000000
77     5         3          3   total  0.447053   0.031981
76     5         3          4   total  0.004448   0.001777
75     5         3          5   total  0.000000   0.000000
74     5         3          6   total  0.000000   0.000000
73     5         3          7   total  0.000000   0.000000
72     5         3          8   total  0.000000   0.000000
71     5         3          9   total  0.000000   0.000000
70     5         3         10   total  0.000000   0.000000
69     5         4          1   total  0.000000   0.000000
68     5         4          2   total  0.000000   0.000000
67     5         4          3   total  0.000000   0.000000
66     5         4          4   total  0.414184   0.056550
65     5         4          5   total  0.009072   0.005243
64     5         4          6   total  0.000000   0.000000
63     5         4          7   total  0.000000   0.000000
62     5         4          8   total  0.000000   0.000000
61     5         4          9   total  0.000000   0.000000
60     5         4         10   total  0.000000   0.000000
59     5         5          1   total  0.000000   0.000000
58     5         5          2   total  0.000000   0.000000
57     5         5          3   total  0.000000   0.000000
56     5         5          4   total  0.000000   0.000000
55     5         5          5   total  0.373474   0.080213
54     5         5          6   total  0.025144   0.011484
53     5         5          7   total  0.000000   0.000000
52     5         5          8   total  0.000000   0.000000
51     5         5          9   total  0.000000   0.000000
50     5         5         10   total  0.000000   0.000000
49     5         6          1   total  0.000000   0.000000
48     5         6          2   total  0.000000   0.000000
47     5         6          3   total  0.000000   0.000000
46     5         6          4   total  0.000000   0.000000
45     5         6          5   total  0.000000   0.000000
44     5         6          6   total  0.350379   0.047342
43     5         6          7   total  0.005872   0.003387
42     5         6          8   total  0.000000   0.000000
41     5         6          9   total  0.000000   0.000000
40     5         6         10   total  0.000000   0.000000
39     5         7          1   total  0.000000   0.000000
38     5         7          2   total  0.000000   0.000000
37     5         7          3   total  0.000000   0.000000
36     5         7          4   total  0.000000   0.000000
35     5         7          5   total  0.000000   0.000000
34     5         7          6   total  0.000000   0.000000
33     5         7          7   total  0.308973   0.055619
32     5         7          8   total  0.038384   0.013554
31     5         7          9   total  0.000000   0.000000
30     5         7         10   total  0.000000   0.000000
29     5         8          1   total  0.000000   0.000000
28     5         8          2   total  0.000000   0.000000
27     5         8          3   total  0.000000   0.000000
26     5         8          4   total  0.000000   0.000000
25     5         8          5   total  0.000000   0.000000
24     5         8          6   total  0.000000   0.000000
23     5         8          7   total  0.000000   0.000000
22     5         8          8   total  0.347292   0.060663
21     5         8          9   total  0.023764   0.010665
20     5         8         10   total  0.000000   0.000000
19     5         9          1   total  0.000000   0.000000
18     5         9          2   total  0.000000   0.000000
17     5         9          3   total  0.000000   0.000000
16     5         9          4   total  0.000000   0.000000
15     5         9          5   total  0.000000   0.000000
14     5         9          6   total  0.000000   0.000000
13     5         9          7   total  0.000000   0.000000
12     5         9          8   total  0.001569   0.001571
11     5         9          9   total  0.332460   0.034987
10     5         9         10   total  0.050201   0.009409
9      5        10          1   total  0.000000   0.000000
8      5        10          2   total  0.000000   0.000000
7      5        10          3   total  0.000000   0.000000
6      5        10          4   total  0.000000   0.000000
5      5        10          5   total  0.000000   0.000000
4      5        10          6   total  0.000000   0.000000
3      5        10          7   total  0.000000   0.000000
2      5        10          8   total  0.002207   0.001554
1      5        10          9   total  0.022069   0.005222
0      5        10         10   total  0.381079   0.032823

NU-FISSION FUEL CELL 6, with center at (3.15,1.8900000000000001)
   cell  group in nuclide      mean  std. dev.
9     5         1   total  0.025333   0.000838
8     5         2   total  0.002711   0.000076
7     5         3   total  0.026182   0.001480
6     5         4   total  0.070280   0.007608
5     5         5   total  0.075424   0.012296
4     5         6   total  0.055978   0.004007
3     5         7   total  0.195762   0.021148
2     5         8   total  0.305935   0.028232
1     5         9   total  0.464933   0.028508
0     5        10   total  0.970372   0.047159




CHI FUEL CELL 6, with center at (3.15,1.8900000000000001)
   cell  group out nuclide      mean  std. dev.
9     5          1   total  0.751018   0.040133
8     5          2   total  0.248982   0.019140
7     5          3   total  0.000000   0.000000
6     5          4   total  0.000000   0.000000
5     5          5   total  0.000000   0.000000
4     5          6   total  0.000000   0.000000
3     5          7   total  0.000000   0.000000
2     5          8   total  0.000000   0.000000
1     5          9   total  0.000000   0.000000
0     5         10   total  0.000000   0.000000




FUEL CELL 7, with center at (0.63,3.15)
-------------------------------------------------------------------------------


TOTAL FUEL CELL 7, with center at (0.63,3.15)
   cell  group in nuclide      mean  std. dev.
9     6         1   total  0.266267   0.009516
8     6         2   total  0.417733   0.013260
7     6         3   total  0.531375   0.021976
6     6         4   total  0.573590   0.044168
5     6         5   total  0.639673   0.083495
4     6         6   total  0.414750   0.031353
3     6         7   total  0.492155   0.060165
2     6         8   total  0.556179   0.060087
1     6         9   total  0.638444   0.039295
0     6        10   total  0.914839   0.051512

ABSOR FUEL CELL 7, with center at (0.63,3.15)
   cell  group in nuclide      mean  std. dev.
9     6         1   total  0.011068   0.000413
8     6         2   total  0.006801   0.000276
7     6         3   total  0.048626   0.003765
6     6         4   total  0.137198   0.015230
5     6         5   total  0.259505   0.049680
4     6         6   total  0.041165   0.003337
3     6         7   total  0.110858   0.013741
2     6         8   total  0.173521   0.018779
1     6         9   total  0.254195   0.015580
0     6        10   total  0.525072   0.029843

SCATTER FUEL CELL 7, with center at (0.63,3.15)
    cell  group in  group out nuclide      mean  std. dev.
99     6         1          1   total  0.137776   0.015082
98     6         1          2   total  0.047736   0.005300
97     6         1          3   total  0.000000   0.000000
96     6         1          4   total  0.000000   0.000000
95     6         1          5   total  0.000000   0.000000
94     6         1          6   total  0.000000   0.000000
93     6         1          7   total  0.000000   0.000000
92     6         1          8   total  0.000000   0.000000
91     6         1          9   total  0.000000   0.000000
90     6         1         10   total  0.000000   0.000000
89     6         2          1   total  0.000000   0.000000
88     6         2          2   total  0.371118   0.022178
87     6         2          3   total  0.001459   0.000719
86     6         2          4   total  0.000000   0.000000
85     6         2          5   total  0.000000   0.000000
84     6         2          6   total  0.000000   0.000000
83     6         2          7   total  0.000000   0.000000
82     6         2          8   total  0.000000   0.000000
81     6         2          9   total  0.000000   0.000000
80     6         2         10   total  0.000000   0.000000
79     6         3          1   total  0.000000   0.000000
78     6         3          2   total  0.000000   0.000000
77     6         3          3   total  0.480308   0.036468
76     6         3          4   total  0.004410   0.001764
75     6         3          5   total  0.000000   0.000000
74     6         3          6   total  0.000000   0.000000
73     6         3          7   total  0.000000   0.000000
72     6         3          8   total  0.000000   0.000000
71     6         3          9   total  0.000000   0.000000
70     6         3         10   total  0.000000   0.000000
69     6         4          1   total  0.000000   0.000000
68     6         4          2   total  0.000000   0.000000
67     6         4          3   total  0.000000   0.000000
66     6         4          4   total  0.382785   0.055029
65     6         4          5   total  0.017055   0.008035
64     6         4          6   total  0.000000   0.000000
63     6         4          7   total  0.000000   0.000000
62     6         4          8   total  0.000000   0.000000
61     6         4          9   total  0.000000   0.000000
60     6         4         10   total  0.000000   0.000000
59     6         5          1   total  0.000000   0.000000
58     6         5          2   total  0.000000   0.000000
57     6         5          3   total  0.000000   0.000000
56     6         5          4   total  0.000000   0.000000
55     6         5          5   total  0.382102   0.072679
54     6         5          6   total  0.025841   0.011691
53     6         5          7   total  0.000000   0.000000
52     6         5          8   total  0.000000   0.000000
51     6         5          9   total  0.000000   0.000000
50     6         5         10   total  0.000000   0.000000
49     6         6          1   total  0.000000   0.000000
48     6         6          2   total  0.000000   0.000000
47     6         6          3   total  0.000000   0.000000
46     6         6          4   total  0.000000   0.000000
45     6         6          5   total  0.002259   0.002266
44     6         6          6   total  0.352173   0.044331
43     6         6          7   total  0.022586   0.007005
42     6         6          8   total  0.000000   0.000000
41     6         6          9   total  0.000000   0.000000
40     6         6         10   total  0.000000   0.000000
39     6         7          1   total  0.000000   0.000000
38     6         7          2   total  0.000000   0.000000
37     6         7          3   total  0.000000   0.000000
36     6         7          4   total  0.000000   0.000000
35     6         7          5   total  0.000000   0.000000
34     6         7          6   total  0.005164   0.005196
33     6         7          7   total  0.346276   0.064242
32     6         7          8   total  0.025822   0.011644
31     6         7          9   total  0.000000   0.000000
30     6         7         10   total  0.000000   0.000000
29     6         8          1   total  0.000000   0.000000
28     6         8          2   total  0.000000   0.000000
27     6         8          3   total  0.000000   0.000000
26     6         8          4   total  0.000000   0.000000
25     6         8          5   total  0.000000   0.000000
24     6         8          6   total  0.000000   0.000000
23     6         8          7   total  0.000000   0.000000
22     6         8          8   total  0.297239   0.067872
21     6         8          9   total  0.049696   0.015206
20     6         8         10   total  0.000000   0.000000
19     6         9          1   total  0.000000   0.000000
18     6         9          2   total  0.000000   0.000000
17     6         9          3   total  0.000000   0.000000
16     6         9          4   total  0.000000   0.000000
15     6         9          5   total  0.000000   0.000000
14     6         9          6   total  0.000000   0.000000
13     6         9          7   total  0.000000   0.000000
12     6         9          8   total  0.009937   0.003987
11     6         9          9   total  0.340498   0.036709
10     6         9         10   total  0.048028   0.008608
9      6        10          1   total  0.000000   0.000000
8      6        10          2   total  0.000000   0.000000
7      6        10          3   total  0.000000   0.000000
6      6        10          4   total  0.000000   0.000000
5      6        10          5   total  0.000000   0.000000
4      6        10          6   total  0.000000   0.000000
3      6        10          7   total  0.000000   0.000000
2      6        10          8   total  0.000000   0.000000
1      6        10          9   total  0.026860   0.005340
0      6        10         10   total  0.329437   0.030006

NU-FISSION FUEL CELL 7, with center at (0.63,3.15)
   cell  group in nuclide      mean  std. dev.
9     6         1   total  0.026305   0.001015
8     6         2   total  0.002751   0.000093
7     6         3   total  0.025760   0.001411
6     6         4   total  0.067103   0.007012
5     6         5   total  0.075639   0.013815
4     6         6   total  0.057313   0.004922
3     6         7   total  0.197552   0.024519
2     6         8   total  0.305536   0.033076
1     6         9   total  0.464278   0.028445
0     6        10   total  0.969358   0.055084




CHI FUEL CELL 7, with center at (0.63,3.15)
   cell  group out nuclide      mean  std. dev.
9     6          1   total  0.751163   0.042110
8     6          2   total  0.248837   0.018758
7     6          3   total  0.000000   0.000000
6     6          4   total  0.000000   0.000000
5     6          5   total  0.000000   0.000000
4     6          6   total  0.000000   0.000000
3     6          7   total  0.000000   0.000000
2     6          8   total  0.000000   0.000000
1     6          9   total  0.000000   0.000000
0     6         10   total  0.000000   0.000000




FUEL CELL 8, with center at (1.8900000000000001,3.15)
-------------------------------------------------------------------------------


TOTAL FUEL CELL 8, with center at (1.8900000000000001,3.15)
   cell  group in nuclide      mean  std. dev.
9     7         1   total  0.266825   0.009267
8     7         2   total  0.415297   0.014085
7     7         3   total  0.539255   0.020334
6     7         4   total  0.573161   0.048789
5     7         5   total  0.635640   0.067948
4     7         6   total  0.417599   0.029463
3     7         7   total  0.490228   0.044337
2     7         8   total  0.556030   0.048936
1     7         9   total  0.638020   0.039678
0     7        10   total  0.907166   0.042338

ABSOR FUEL CELL 8, with center at (1.8900000000000001,3.15)
   cell  group in nuclide      mean  std. dev.
9     7         1   total  0.010974   0.000419
8     7         2   total  0.006570   0.000266
7     7         3   total  0.050955   0.003948
6     7         4   total  0.147389   0.017823
5     7         5   total  0.252025   0.035920
4     7         6   total  0.043193   0.003189
3     7         7   total  0.108964   0.010324
2     7         8   total  0.173357   0.015271
1     7         9   total  0.253777   0.015792
0     7        10   total  0.517741   0.024265

SCATTER FUEL CELL 8, with center at (1.8900000000000001,3.15)
    cell  group in  group out nuclide      mean  std. dev.
99     7         1          1   total  0.137569   0.014655
98     7         1          2   total  0.046436   0.004952
97     7         1          3   total  0.000000   0.000000
96     7         1          4   total  0.000000   0.000000
95     7         1          5   total  0.000000   0.000000
94     7         1          6   total  0.000000   0.000000
93     7         1          7   total  0.000000   0.000000
92     7         1          8   total  0.000000   0.000000
91     7         1          9   total  0.000000   0.000000
90     7         1         10   total  0.000000   0.000000
89     7         2          1   total  0.000000   0.000000
88     7         2          2   total  0.367060   0.021533
87     7         2          3   total  0.002473   0.000907
86     7         2          4   total  0.000000   0.000000
85     7         2          5   total  0.000000   0.000000
84     7         2          6   total  0.000000   0.000000
83     7         2          7   total  0.000000   0.000000
82     7         2          8   total  0.000000   0.000000
81     7         2          9   total  0.000000   0.000000
80     7         2         10   total  0.000000   0.000000
79     7         3          1   total  0.000000   0.000000
78     7         3          2   total  0.000000   0.000000
77     7         3          3   total  0.478092   0.032095
76     7         3          4   total  0.005071   0.001865
75     7         3          5   total  0.000000   0.000000
74     7         3          6   total  0.000000   0.000000
73     7         3          7   total  0.000000   0.000000
72     7         3          8   total  0.000000   0.000000
71     7         3          9   total  0.000000   0.000000
70     7         3         10   total  0.000000   0.000000
69     7         4          1   total  0.000000   0.000000
68     7         4          2   total  0.000000   0.000000
67     7         4          3   total  0.000000   0.000000
66     7         4          4   total  0.371422   0.070929
65     7         4          5   total  0.031990   0.010824
64     7         4          6   total  0.000000   0.000000
63     7         4          7   total  0.000000   0.000000
62     7         4          8   total  0.000000   0.000000
61     7         4          9   total  0.000000   0.000000
60     7         4         10   total  0.000000   0.000000
59     7         5          1   total  0.000000   0.000000
58     7         5          2   total  0.000000   0.000000
57     7         5          3   total  0.000000   0.000000
56     7         5          4   total  0.000000   0.000000
55     7         5          5   total  0.335069   0.073051
54     7         5          6   total  0.051886   0.020163
53     7         5          7   total  0.000000   0.000000
52     7         5          8   total  0.000000   0.000000
51     7         5          9   total  0.000000   0.000000
50     7         5         10   total  0.000000   0.000000
49     7         6          1   total  0.000000   0.000000
48     7         6          2   total  0.000000   0.000000
47     7         6          3   total  0.000000   0.000000
46     7         6          4   total  0.000000   0.000000
45     7         6          5   total  0.002176   0.002185
44     7         6          6   total  0.350002   0.049616
43     7         6          7   total  0.023933   0.007132
42     7         6          8   total  0.000000   0.000000
41     7         6          9   total  0.000000   0.000000
40     7         6         10   total  0.000000   0.000000
39     7         7          1   total  0.000000   0.000000
38     7         7          2   total  0.000000   0.000000
37     7         7          3   total  0.000000   0.000000
36     7         7          4   total  0.000000   0.000000
35     7         7          5   total  0.000000   0.000000
34     7         7          6   total  0.004724   0.004758
33     7         7          7   total  0.342574   0.064540
32     7         7          8   total  0.037795   0.013608
31     7         7          9   total  0.000000   0.000000
30     7         7         10   total  0.000000   0.000000
29     7         8          1   total  0.000000   0.000000
28     7         8          2   total  0.000000   0.000000
27     7         8          3   total  0.000000   0.000000
26     7         8          4   total  0.000000   0.000000
25     7         8          5   total  0.000000   0.000000
24     7         8          6   total  0.000000   0.000000
23     7         8          7   total  0.013779   0.010319
22     7         8          8   total  0.371466   0.060295
21     7         8          9   total  0.027559   0.011281
20     7         8         10   total  0.000000   0.000000
19     7         9          1   total  0.000000   0.000000
18     7         9          2   total  0.000000   0.000000
17     7         9          3   total  0.000000   0.000000
16     7         9          4   total  0.000000   0.000000
15     7         9          5   total  0.000000   0.000000
14     7         9          6   total  0.000000   0.000000
13     7         9          7   total  0.000000   0.000000
12     7         9          8   total  0.012936   0.004465
11     7         9          9   total  0.322445   0.039505
10     7         9         10   total  0.043658   0.008253
9      7        10          1   total  0.000000   0.000000
8      7        10          2   total  0.000000   0.000000
7      7        10          3   total  0.000000   0.000000
6      7        10          4   total  0.000000   0.000000
5      7        10          5   total  0.000000   0.000000
4      7        10          6   total  0.000000   0.000000
3      7        10          7   total  0.000000   0.000000
2      7        10          8   total  0.000000   0.000000
1      7        10          9   total  0.022019   0.005448
0      7        10         10   total  0.378862   0.029506

NU-FISSION FUEL CELL 8, with center at (1.8900000000000001,3.15)
   cell  group in nuclide      mean  std. dev.
9     7         1   total  0.026006   0.001043
8     7         2   total  0.002690   0.000092
7     7         3   total  0.024966   0.001200
6     7         4   total  0.079107   0.008193
5     7         5   total  0.070004   0.012726
4     7         6   total  0.061609   0.004688
3     7         7   total  0.194039   0.018435
2     7         8   total  0.305319   0.026911
1     7         9   total  0.463468   0.028843
0     7        10   total  0.955900   0.044789




CHI FUEL CELL 8, with center at (1.8900000000000001,3.15)
   cell  group out nuclide      mean  std. dev.
9     7          1   total  0.731673   0.042761
8     7          2   total  0.268327   0.021203
7     7          3   total  0.000000   0.000000
6     7          4   total  0.000000   0.000000
5     7          5   total  0.000000   0.000000
4     7          6   total  0.000000   0.000000
3     7          7   total  0.000000   0.000000
2     7          8   total  0.000000   0.000000
1     7          9   total  0.000000   0.000000
0     7         10   total  0.000000   0.000000




FUEL CELL 9, with center at (3.15,3.15)
-------------------------------------------------------------------------------


TOTAL FUEL CELL 9, with center at (3.15,3.15)
   cell  group in nuclide      mean  std. dev.
9     8         1   total  0.266192   0.009565
8     8         2   total  0.415954   0.014263
7     8         3   total  0.546191   0.025909
6     8         4   total  0.572197   0.053795
5     8         5   total  0.594173   0.070509
4     8         6   total  0.417165   0.033516
3     8         7   total  0.493325   0.059691
2     8         8   total  0.555945   0.056052
1     8         9   total  0.642384   0.043092
0     8        10   total  0.910955   0.043691

ABSOR FUEL CELL 9, with center at (3.15,3.15)
   cell  group in nuclide      mean  std. dev.
9     8         1   total  0.010854   0.000424
8     8         2   total  0.006659   0.000273
7     8         3   total  0.050081   0.003701
6     8         4   total  0.131168   0.016942
5     8         5   total  0.222602   0.036920
4     8         6   total  0.042883   0.003650
3     8         7   total  0.112011   0.013656
2     8         8   total  0.173239   0.017486
1     8         9   total  0.258079   0.017311
0     8        10   total  0.521437   0.025377

SCATTER FUEL CELL 9, with center at (3.15,3.15)
    cell  group in  group out nuclide      mean  std. dev.
99     8         1          1   total  0.135628   0.013733
98     8         1          2   total  0.049520   0.004613
97     8         1          3   total  0.000370   0.000370
96     8         1          4   total  0.000000   0.000000
95     8         1          5   total  0.000000   0.000000
94     8         1          6   total  0.000000   0.000000
93     8         1          7   total  0.000000   0.000000
92     8         1          8   total  0.000000   0.000000
91     8         1          9   total  0.000000   0.000000
90     8         1         10   total  0.000000   0.000000
89     8         2          1   total  0.000000   0.000000
88     8         2          2   total  0.379031   0.021866
87     8         2          3   total  0.001915   0.000840
86     8         2          4   total  0.000000   0.000000
85     8         2          5   total  0.000000   0.000000
84     8         2          6   total  0.000000   0.000000
83     8         2          7   total  0.000000   0.000000
82     8         2          8   total  0.000000   0.000000
81     8         2          9   total  0.000000   0.000000
80     8         2         10   total  0.000000   0.000000
79     8         3          1   total  0.000000   0.000000
78     8         3          2   total  0.000000   0.000000
77     8         3          3   total  0.465138   0.033298
76     8         3          4   total  0.003059   0.001511
75     8         3          5   total  0.000000   0.000000
74     8         3          6   total  0.000000   0.000000
73     8         3          7   total  0.000000   0.000000
72     8         3          8   total  0.000000   0.000000
71     8         3          9   total  0.000000   0.000000
70     8         3         10   total  0.000000   0.000000
69     8         4          1   total  0.000000   0.000000
68     8         4          2   total  0.000000   0.000000
67     8         4          3   total  0.000000   0.000000
66     8         4          4   total  0.440649   0.063508
65     8         4          5   total  0.014470   0.007246
64     8         4          6   total  0.000000   0.000000
63     8         4          7   total  0.000000   0.000000
62     8         4          8   total  0.000000   0.000000
61     8         4          9   total  0.000000   0.000000
60     8         4         10   total  0.000000   0.000000
59     8         5          1   total  0.000000   0.000000
58     8         5          2   total  0.000000   0.000000
57     8         5          3   total  0.000000   0.000000
56     8         5          4   total  0.000000   0.000000
55     8         5          5   total  0.333535   0.062268
54     8         5          6   total  0.069926   0.019054
53     8         5          7   total  0.000000   0.000000
52     8         5          8   total  0.000000   0.000000
51     8         5          9   total  0.000000   0.000000
50     8         5         10   total  0.000000   0.000000
49     8         6          1   total  0.000000   0.000000
48     8         6          2   total  0.000000   0.000000
47     8         6          3   total  0.000000   0.000000
46     8         6          4   total  0.000000   0.000000
45     8         6          5   total  0.000000   0.000000
44     8         6          6   total  0.354772   0.056575
43     8         6          7   total  0.010076   0.005051
42     8         6          8   total  0.000000   0.000000
41     8         6          9   total  0.000000   0.000000
40     8         6         10   total  0.000000   0.000000
39     8         7          1   total  0.000000   0.000000
38     8         7          2   total  0.000000   0.000000
37     8         7          3   total  0.000000   0.000000
36     8         7          4   total  0.000000   0.000000
35     8         7          5   total  0.000000   0.000000
34     8         7          6   total  0.005168   0.005206
33     8         7          7   total  0.317637   0.068245
32     8         7          8   total  0.051680   0.018264
31     8         7          9   total  0.000000   0.000000
30     8         7         10   total  0.000000   0.000000
29     8         8          1   total  0.000000   0.000000
28     8         8          2   total  0.000000   0.000000
27     8         8          3   total  0.000000   0.000000
26     8         8          4   total  0.000000   0.000000
25     8         8          5   total  0.000000   0.000000
24     8         8          6   total  0.000000   0.000000
23     8         8          7   total  0.013576   0.007901
22     8         8          8   total  0.333453   0.064463
21     8         8          9   total  0.049779   0.018872
20     8         8         10   total  0.000000   0.000000
19     8         9          1   total  0.000000   0.000000
18     8         9          2   total  0.000000   0.000000
17     8         9          3   total  0.000000   0.000000
16     8         9          4   total  0.000000   0.000000
15     8         9          5   total  0.000000   0.000000
14     8         9          6   total  0.000000   0.000000
13     8         9          7   total  0.000000   0.000000
12     8         9          8   total  0.010947   0.004044
11     8         9          9   total  0.345251   0.037440
10     8         9         10   total  0.035969   0.007513
9      8        10          1   total  0.000000   0.000000
8      8        10          2   total  0.000000   0.000000
7      8        10          3   total  0.000000   0.000000
6      8        10          4   total  0.000000   0.000000
5      8        10          5   total  0.000000   0.000000
4      8        10          6   total  0.000000   0.000000
3      8        10          7   total  0.000000   0.000000
2      8        10          8   total  0.000000   0.000000
1      8        10          9   total  0.024930   0.004950
0      8        10         10   total  0.361381   0.029019

NU-FISSION FUEL CELL 9, with center at (3.15,3.15)
   cell  group in nuclide      mean  std. dev.
9     8         1   total  0.025616   0.001051
8     8         2   total  0.002707   0.000093
7     8         3   total  0.025412   0.001337
6     8         4   total  0.070818   0.008673
5     8         5   total  0.061951   0.010786
4     8         6   total  0.060692   0.005483
3     8         7   total  0.199656   0.024370
2     8         8   total  0.305206   0.030821
1     8         9   total  0.471768   0.031649
0     8        10   total  0.962705   0.046846




CHI FUEL CELL 9, with center at (3.15,3.15)
   cell  group out nuclide      mean  std. dev.
9     8          1   total  0.755941   0.044189
8     8          2   total  0.243079   0.019936
7     8          3   total  0.000980   0.000981
6     8          4   total  0.000000   0.000000
5     8          5   total  0.000000   0.000000
4     8          6   total  0.000000   0.000000
3     8          7   total  0.000000   0.000000
2     8          8   total  0.000000   0.000000
1     8          9   total  0.000000   0.000000
0     8         10   total  0.000000   0.000000




