FUEL CELL 1, with center at (0.63,0.63)
-------------------------------------------------------------------------------


TOTAL FUEL CELL 1, with center at (0.63,0.63)
   cell  group in nuclide      mean  std. dev.
9    70         1   total  0.270995   0.001809
8    70         2   total  0.879585   0.004581
7    70         3   total  1.485167   0.010049
6    70         4   total  1.496768   0.019103
5    70         5   total  1.499420   0.020730
4    70         6   total  1.510762   0.017491
3    70         7   total  1.543350   0.025129
2    70         8   total  1.596093   0.022929
1    70         9   total  1.716658   0.016807
0    70        10   total  2.251443   0.022037

ABSOR FUEL CELL 1, with center at (0.63,0.63)
   cell  group in nuclide      mean     std. dev.
9    70         1   total  0.000367  6.190484e-06
8    70         2   total  0.000013  7.211395e-08
7    70         3   total  0.000202  1.431202e-06
6    70         4   total  0.000807  1.044930e-05
5    70         5   total  0.001418  1.965020e-05
4    70         6   total  0.002911  3.438356e-05
3    70         7   total  0.005494  8.961319e-05
2    70         8   total  0.008116  1.166617e-04
1    70         9   total  0.012181  1.194591e-04
0    70        10   total  0.023127  2.278903e-04

SCATTER FUEL CELL 1, with center at (0.63,0.63)
    cell  group in  group out nuclide      mean  std. dev.
99    70         1          1   total  0.067297   0.001682
98    70         1          2   total  0.110718   0.001156
97    70         1          3   total  0.000807   0.000083
96    70         1          4   total  0.000000   0.000000
95    70         1          5   total  0.000000   0.000000
94    70         1          6   total  0.000000   0.000000
93    70         1          7   total  0.000000   0.000000
92    70         1          8   total  0.000000   0.000000
91    70         1          9   total  0.000000   0.000000
90    70         1         10   total  0.000000   0.000000
89    70         2          1   total  0.000000   0.000000
88    70         2          2   total  0.245172   0.004382
87    70         2          3   total  0.147501   0.001164
86    70         2          4   total  0.000811   0.000073
85    70         2          5   total  0.000173   0.000034
84    70         2          6   total  0.000045   0.000018
83    70         2          7   total  0.000000   0.000000
82    70         2          8   total  0.000000   0.000000
81    70         2          9   total  0.000000   0.000000
80    70         2         10   total  0.000000   0.000000
79    70         3          1   total  0.000000   0.000000
78    70         3          2   total  0.000000   0.000000
77    70         3          3   total  0.295501   0.008952
76    70         3          4   total  0.200261   0.001975
75    70         3          5   total  0.040583   0.000771
74    70         3          6   total  0.022763   0.000574
73    70         3          7   total  0.002435   0.000184
72    70         3          8   total  0.000851   0.000118
71    70         3          9   total  0.000484   0.000087
70    70         3         10   total  0.000352   0.000074
69    70         4          1   total  0.000000   0.000000
68    70         4          2   total  0.000000   0.000000
67    70         4          3   total  0.000000   0.000000
66    70         4          4   total -0.190452   0.012211
65    70         4          5   total  0.455376   0.006054
64    70         4          6   total  0.246077   0.004503
63    70         4          7   total  0.024886   0.001247
62    70         4          8   total  0.011892   0.000899
61    70         4          9   total  0.007425   0.000634
60    70         4         10   total  0.003655   0.000502
59    70         5          1   total  0.000000   0.000000
58    70         5          2   total  0.000000   0.000000
57    70         5          3   total  0.000000   0.000000
56    70         5          4   total  0.000000   0.000000
55    70         5          5   total -0.371077   0.013527
54    70         5          6   total  0.760832   0.010762
53    70         5          7   total  0.077721   0.002832
52    70         5          8   total  0.032764   0.001738
51    70         5          9   total  0.020105   0.001254
50    70         5         10   total  0.011076   0.001046
49    70         6          1   total  0.000000   0.000000
48    70         6          2   total  0.000000   0.000000
47    70         6          3   total  0.000000   0.000000
46    70         6          4   total  0.000000   0.000000
45    70         6          5   total  0.000045   0.000045
44    70         6          6   total -0.029441   0.011880
43    70         6          7   total  0.348714   0.005292
42    70         6          8   total  0.137790   0.002629
41    70         6          9   total  0.083971   0.002192
40    70         6         10   total  0.042529   0.001525
39    70         7          1   total  0.000000   0.000000
38    70         7          2   total  0.000000   0.000000
37    70         7          3   total  0.000000   0.000000
36    70         7          4   total  0.000000   0.000000
35    70         7          5   total  0.000000   0.000000
34    70         7          6   total  0.004086   0.000641
33    70         7          7   total -0.333189   0.015703
32    70         7          8   total  0.488481   0.008881
31    70         7          9   total  0.268130   0.006188
30    70         7         10   total  0.155388   0.004581
29    70         8          1   total  0.000000   0.000000
28    70         8          2   total  0.000000   0.000000
27    70         8          3   total  0.000000   0.000000
26    70         8          4   total  0.000000   0.000000
25    70         8          5   total  0.000000   0.000000
24    70         8          6   total  0.000000   0.000000
23    70         8          7   total  0.020480   0.001415
22    70         8          8   total -0.297035   0.014046
21    70         8          9   total  0.619454   0.010137
20    70         8         10   total  0.335488   0.006149
19    70         9          1   total  0.000000   0.000000
18    70         9          2   total  0.000000   0.000000
17    70         9          3   total  0.000000   0.000000
16    70         9          4   total  0.000000   0.000000
15    70         9          5   total  0.000000   0.000000
14    70         9          6   total  0.000000   0.000000
13    70         9          7   total  0.000243   0.000095
12    70         9          8   total  0.066576   0.001596
11    70         9          9   total  0.016344   0.010855
10    70         9         10   total  0.788670   0.008546
9     70        10          1   total  0.000000   0.000000
8     70        10          2   total  0.000000   0.000000
7     70        10          3   total  0.000000   0.000000
6     70        10          4   total  0.000000   0.000000
5     70        10          5   total  0.000000   0.000000
4     70        10          6   total  0.000000   0.000000
3     70        10          7   total  0.000019   0.000019
2     70        10          8   total  0.015264   0.000565
1     70        10          9   total  0.377840   0.004164
0     70        10         10   total  1.062093   0.017343







FUEL CELL 2, with center at (1.8900000000000001,0.63)
-------------------------------------------------------------------------------


TOTAL FUEL CELL 2, with center at (1.8900000000000001,0.63)
   cell  group in nuclide      mean  std. dev.
9    71         1   total  0.270571   0.001644
8    71         2   total  0.881572   0.004342
7    71         3   total  1.485132   0.009112
6    71         4   total  1.496756   0.015891
5    71         5   total  1.499418   0.017427
4    71         6   total  1.510754   0.013371
3    71         7   total  1.543407   0.021958
2    71         8   total  1.596431   0.023063
1    71         9   total  1.716549   0.014314
0    71        10   total  2.249770   0.018984

ABSOR FUEL CELL 2, with center at (1.8900000000000001,0.63)
   cell  group in nuclide      mean     std. dev.
9    71         1   total  0.000362  5.380993e-06
8    71         2   total  0.000013  6.828250e-08
7    71         3   total  0.000201  1.318289e-06
6    71         4   total  0.000804  8.636586e-06
5    71         5   total  0.001417  1.651719e-05
4    71         6   total  0.002911  2.620682e-05
3    71         7   total  0.005497  7.830403e-05
2    71         8   total  0.008131  1.175690e-04
1    71         9   total  0.012177  1.019015e-04
0    71        10   total  0.023099  1.962882e-04

SCATTER FUEL CELL 2, with center at (1.8900000000000001,0.63)
    cell  group in  group out nuclide      mean  std. dev.
99    71         1          1   total  0.067258   0.001654
98    71         1          2   total  0.109189   0.001171
97    71         1          3   total  0.000649   0.000089
96    71         1          4   total  0.000009   0.000009
95    71         1          5   total  0.000000   0.000000
94    71         1          6   total  0.000000   0.000000
93    71         1          7   total  0.000000   0.000000
92    71         1          8   total  0.000000   0.000000
91    71         1          9   total  0.000000   0.000000
90    71         1         10   total  0.000000   0.000000
89    71         2          1   total  0.000000   0.000000
88    71         2          2   total  0.245944   0.004200
87    71         2          3   total  0.148067   0.001141
86    71         2          4   total  0.000747   0.000071
85    71         2          5   total  0.000187   0.000039
84    71         2          6   total  0.000052   0.000022
83    71         2          7   total  0.000015   0.000011
82    71         2          8   total  0.000007   0.000007
81    71         2          9   total  0.000007   0.000007
80    71         2         10   total  0.000015   0.000011
79    71         3          1   total  0.000000   0.000000
78    71         3          2   total  0.000000   0.000000
77    71         3          3   total  0.297302   0.008107
76    71         3          4   total  0.201291   0.001915
75    71         3          5   total  0.040255   0.000778
74    71         3          6   total  0.022533   0.000610
73    71         3          7   total  0.002215   0.000188
72    71         3          8   total  0.000889   0.000120
71    71         3          9   total  0.000408   0.000074
70    71         3         10   total  0.000379   0.000078
69    71         4          1   total  0.000000   0.000000
68    71         4          2   total  0.000000   0.000000
67    71         4          3   total  0.000000   0.000000
66    71         4          4   total -0.202465   0.011316
65    71         4          5   total  0.452375   0.005750
64    71         4          6   total  0.249703   0.004113
63    71         4          7   total  0.024982   0.001284
62    71         4          8   total  0.010966   0.000764
61    71         4          9   total  0.006333   0.000586
60    71         4         10   total  0.002815   0.000440
59    71         5          1   total  0.000000   0.000000
58    71         5          2   total  0.000000   0.000000
57    71         5          3   total  0.000000   0.000000
56    71         5          4   total  0.000000   0.000000
55    71         5          5   total -0.367634   0.013476
54    71         5          6   total  0.769199   0.011029
53    71         5          7   total  0.073740   0.002780
52    71         5          8   total  0.031795   0.001853
51    71         5          9   total  0.019920   0.001359
50    71         5         10   total  0.010822   0.001021
49    71         6          1   total  0.000000   0.000000
48    71         6          2   total  0.000000   0.000000
47    71         6          3   total  0.000000   0.000000
46    71         6          4   total  0.000000   0.000000
45    71         6          5   total  0.000091   0.000064
44    71         6          6   total -0.033079   0.010914
43    71         6          7   total  0.349690   0.004799
42    71         6          8   total  0.140550   0.002671
41    71         6          9   total  0.080712   0.001875
40    71         6         10   total  0.045392   0.001511
39    71         7          1   total  0.000000   0.000000
38    71         7          2   total  0.000000   0.000000
37    71         7          3   total  0.000000   0.000000
36    71         7          4   total  0.000000   0.000000
35    71         7          5   total  0.000000   0.000000
34    71         7          6   total  0.004262   0.000645
33    71         7          7   total -0.313775   0.014724
32    71         7          8   total  0.468753   0.008505
31    71         7          9   total  0.279235   0.005783
30    71         7         10   total  0.159786   0.004165
29    71         8          1   total  0.000000   0.000000
28    71         8          2   total  0.000000   0.000000
27    71         8          3   total  0.000000   0.000000
26    71         8          4   total  0.000000   0.000000
25    71         8          5   total  0.000000   0.000000
24    71         8          6   total  0.000000   0.000000
23    71         8          7   total  0.019582   0.001333
22    71         8          8   total -0.315255   0.015250
21    71         8          9   total  0.627189   0.010070
20    71         8         10   total  0.332427   0.006786
19    71         9          1   total  0.000000   0.000000
18    71         9          2   total  0.000000   0.000000
17    71         9          3   total  0.000000   0.000000
16    71         9          4   total  0.000000   0.000000
15    71         9          5   total  0.000000   0.000000
14    71         9          6   total  0.000000   0.000000
13    71         9          7   total  0.000305   0.000104
12    71         9          8   total  0.069020   0.001570
11    71         9          9   total  0.019236   0.010074
10    71         9         10   total  0.779693   0.007518
9     71        10          1   total  0.000000   0.000000
8     71        10          2   total  0.000000   0.000000
7     71        10          3   total  0.000000   0.000000
6     71        10          4   total  0.000000   0.000000
5     71        10          5   total  0.000000   0.000000
4     71        10          6   total  0.000000   0.000000
3     71        10          7   total  0.000075   0.000037
2     71        10          8   total  0.014373   0.000526
1     71        10          9   total  0.376120   0.003952
0     71        10         10   total  1.059939   0.015522







FUEL CELL 3, with center at (3.15,0.63)
-------------------------------------------------------------------------------


TOTAL FUEL CELL 3, with center at (3.15,0.63)
   cell  group in nuclide      mean  std. dev.
9    72         1   total  0.270486   0.001671
8    72         2   total  0.881773   0.005319
7    72         3   total  1.485212   0.011202
6    72         4   total  1.496758   0.020006
5    72         5   total  1.499428   0.021424
4    72         6   total  1.510799   0.016518
3    72         7   total  1.543495   0.024337
2    72         8   total  1.596366   0.023993
1    72         9   total  1.716597   0.016923
0    72        10   total  2.254641   0.022390

ABSOR FUEL CELL 3, with center at (3.15,0.63)
   cell  group in nuclide      mean     std. dev.
9    72         1   total  0.000361  5.589728e-06
8    72         2   total  0.000013  8.429516e-08
7    72         3   total  0.000202  1.632748e-06
6    72         4   total  0.000805  1.081062e-05
5    72         5   total  0.001419  2.035714e-05
4    72         6   total  0.002916  3.231165e-05
3    72         7   total  0.005502  8.762880e-05
2    72         8   total  0.008127  1.225674e-04
1    72         9   total  0.012178  1.202841e-04
0    72        10   total  0.023181  2.306926e-04

SCATTER FUEL CELL 3, with center at (3.15,0.63)
    cell  group in  group out nuclide      mean  std. dev.
99    72         1          1   total  0.067655   0.001744
98    72         1          2   total  0.110107   0.001175
97    72         1          3   total  0.000685   0.000071
96    72         1          4   total  0.000000   0.000000
95    72         1          5   total  0.000009   0.000009
94    72         1          6   total  0.000000   0.000000
93    72         1          7   total  0.000000   0.000000
92    72         1          8   total  0.000000   0.000000
91    72         1          9   total  0.000000   0.000000
90    72         1         10   total  0.000000   0.000000
89    72         2          1   total  0.000000   0.000000
88    72         2          2   total  0.246637   0.004645
87    72         2          3   total  0.148470   0.001282
86    72         2          4   total  0.000780   0.000078
85    72         2          5   total  0.000134   0.000032
84    72         2          6   total  0.000163   0.000034
83    72         2          7   total  0.000015   0.000010
82    72         2          8   total  0.000007   0.000007
81    72         2          9   total  0.000000   0.000000
80    72         2         10   total  0.000000   0.000000
79    72         3          1   total  0.000000   0.000000
78    72         3          2   total  0.000000   0.000000
77    72         3          3   total  0.295818   0.009397
76    72         3          4   total  0.201169   0.002151
75    72         3          5   total  0.040202   0.000801
74    72         3          6   total  0.022594   0.000590
73    72         3          7   total  0.001960   0.000175
72    72         3          8   total  0.000760   0.000110
71    72         3          9   total  0.000497   0.000093
70    72         3         10   total  0.000424   0.000078
69    72         4          1   total  0.000000   0.000000
68    72         4          2   total  0.000000   0.000000
67    72         4          3   total  0.000000   0.000000
66    72         4          4   total -0.199430   0.012740
65    72         4          5   total  0.452798   0.006891
64    72         4          6   total  0.253257   0.004280
63    72         4          7   total  0.024702   0.001215
62    72         4          8   total  0.010079   0.000706
61    72         4          9   total  0.004952   0.000508
60    72         4         10   total  0.003962   0.000453
59    72         5          1   total  0.000000   0.000000
58    72         5          2   total  0.000000   0.000000
57    72         5          3   total  0.000000   0.000000
56    72         5          4   total  0.000000   0.000000
55    72         5          5   total -0.370821   0.015691
54    72         5          6   total  0.766435   0.011093
53    72         5          7   total  0.077162   0.002709
52    72         5          8   total  0.032127   0.001915
51    72         5          9   total  0.017147   0.001379
50    72         5         10   total  0.010269   0.001042
49    72         6          1   total  0.000000   0.000000
48    72         6          2   total  0.000000   0.000000
47    72         6          3   total  0.000000   0.000000
46    72         6          4   total  0.000000   0.000000
45    72         6          5   total  0.000000   0.000000
44    72         6          6   total -0.033614   0.011614
43    72         6          7   total  0.348701   0.004970
42    72         6          8   total  0.143594   0.002619
41    72         6          9   total  0.082261   0.002039
40    72         6         10   total  0.045590   0.001576
39    72         7          1   total  0.000000   0.000000
38    72         7          2   total  0.000000   0.000000
37    72         7          3   total  0.000000   0.000000
36    72         7          4   total  0.000000   0.000000
35    72         7          5   total  0.000000   0.000000
34    72         7          6   total  0.004805   0.000734
33    72         7          7   total -0.327299   0.016073
32    72         7          8   total  0.494536   0.009215
31    72         7          9   total  0.273280   0.006284
30    72         7         10   total  0.156384   0.004313
29    72         8          1   total  0.000000   0.000000
28    72         8          2   total  0.000000   0.000000
27    72         8          3   total  0.000000   0.000000
26    72         8          4   total  0.000000   0.000000
25    72         8          5   total  0.000000   0.000000
24    72         8          6   total  0.000000   0.000000
23    72         8          7   total  0.018285   0.001175
22    72         8          8   total -0.319755   0.014401
21    72         8          9   total  0.627102   0.009816
20    72         8         10   total  0.335465   0.006504
19    72         9          1   total  0.000000   0.000000
18    72         9          2   total  0.000000   0.000000
17    72         9          3   total  0.000000   0.000000
16    72         9          4   total  0.000000   0.000000
15    72         9          5   total  0.000000   0.000000
14    72         9          6   total  0.000000   0.000000
13    72         9          7   total  0.000183   0.000074
12    72         9          8   total  0.070179   0.001449
11    72         9          9   total  0.008528   0.011220
10    72         9         10   total  0.783358   0.008686
9     72        10          1   total  0.000000   0.000000
8     72        10          2   total  0.000000   0.000000
7     72        10          3   total  0.000000   0.000000
6     72        10          4   total  0.000000   0.000000
5     72        10          5   total  0.000000   0.000000
4     72        10          6   total  0.000000   0.000000
3     72        10          7   total  0.000019   0.000019
2     72        10          8   total  0.015639   0.000628
1     72        10          9   total  0.376275   0.004652
0     72        10         10   total  1.067710   0.018257







FUEL CELL 4, with center at (0.63,1.8900000000000001)
-------------------------------------------------------------------------------


TOTAL FUEL CELL 4, with center at (0.63,1.8900000000000001)
   cell  group in nuclide      mean  std. dev.
9    73         1   total  0.270990   0.001557
8    73         2   total  0.879406   0.003959
7    73         3   total  1.485311   0.008529
6    73         4   total  1.496758   0.015469
5    73         5   total  1.499409   0.021692
4    73         6   total  1.510734   0.015708
3    73         7   total  1.543351   0.020974
2    73         8   total  1.596274   0.021816
1    73         9   total  1.716599   0.015131
0    73        10   total  2.250275   0.019726

ABSOR FUEL CELL 4, with center at (0.63,1.8900000000000001)
   cell  group in nuclide      mean     std. dev.
9    73         1   total  0.000361  5.597020e-06
8    73         2   total  0.000013  6.295979e-08
7    73         3   total  0.000203  1.217846e-06
6    73         4   total  0.000805  8.397714e-06
5    73         5   total  0.001415  2.047897e-05
4    73         6   total  0.002908  3.031352e-05
3    73         7   total  0.005493  7.485202e-05
2    73         8   total  0.008123  1.104785e-04
1    73         9   total  0.012179  1.081621e-04
0    73        10   total  0.023106  2.047452e-04

SCATTER FUEL CELL 4, with center at (0.63,1.8900000000000001)
    cell  group in  group out nuclide      mean  std. dev.
99    73         1          1   total  0.066340   0.001696
98    73         1          2   total  0.112852   0.001207
97    73         1          3   total  0.000548   0.000067
96    73         1          4   total  0.000000   0.000000
95    73         1          5   total  0.000000   0.000000
94    73         1          6   total  0.000000   0.000000
93    73         1          7   total  0.000000   0.000000
92    73         1          8   total  0.000000   0.000000
91    73         1          9   total  0.000000   0.000000
90    73         1         10   total  0.000000   0.000000
89    73         2          1   total  0.000000   0.000000
88    73         2          2   total  0.243896   0.004228
87    73         2          3   total  0.147595   0.001140
86    73         2          4   total  0.000790   0.000086
85    73         2          5   total  0.000120   0.000033
84    73         2          6   total  0.000090   0.000025
83    73         2          7   total  0.000008   0.000008
82    73         2          8   total  0.000000   0.000000
81    73         2          9   total  0.000000   0.000000
80    73         2         10   total  0.000000   0.000000
79    73         3          1   total  0.000000   0.000000
78    73         3          2   total  0.000000   0.000000
77    73         3          3   total  0.298185   0.007494
76    73         3          4   total  0.203092   0.001799
75    73         3          5   total  0.039201   0.000767
74    73         3          6   total  0.023203   0.000596
73    73         3          7   total  0.002209   0.000171
72    73         3          8   total  0.001040   0.000122
71    73         3          9   total  0.000520   0.000088
70    73         3         10   total  0.000347   0.000072
69    73         4          1   total  0.000000   0.000000
68    73         4          2   total  0.000000   0.000000
67    73         4          3   total  0.000000   0.000000
66    73         4          4   total -0.203207   0.011203
65    73         4          5   total  0.449757   0.006430
64    73         4          6   total  0.250346   0.004276
63    73         4          7   total  0.024486   0.001100
62    73         4          8   total  0.009009   0.000745
61    73         4          9   total  0.006179   0.000548
60    73         4         10   total  0.003292   0.000410
59    73         5          1   total  0.000000   0.000000
58    73         5          2   total  0.000000   0.000000
57    73         5          3   total  0.000000   0.000000
56    73         5          4   total  0.000000   0.000000
55    73         5          5   total -0.366041   0.013612
54    73         5          6   total  0.770419   0.010879
53    73         5          7   total  0.081156   0.002937
52    73         5          8   total  0.032538   0.001663
51    73         5          9   total  0.016647   0.001183
50    73         5         10   total  0.010215   0.000947
49    73         6          1   total  0.000000   0.000000
48    73         6          2   total  0.000000   0.000000
47    73         6          3   total  0.000000   0.000000
46    73         6          4   total  0.000000   0.000000
45    73         6          5   total  0.000182   0.000090
44    73         6          6   total -0.035023   0.011865
43    73         6          7   total  0.348642   0.005183
42    73         6          8   total  0.139811   0.002829
41    73         6          9   total  0.079600   0.002085
40    73         6         10   total  0.046225   0.001500
39    73         7          1   total  0.000000   0.000000
38    73         7          2   total  0.000000   0.000000
37    73         7          3   total  0.000000   0.000000
36    73         7          4   total  0.000000   0.000000
35    73         7          5   total  0.000000   0.000000
34    73         7          6   total  0.004663   0.000628
33    73         7          7   total -0.313342   0.014671
32    73         7          8   total  0.492700   0.008785
31    73         7          9   total  0.271270   0.006152
30    73         7         10   total  0.153561   0.004327
29    73         8          1   total  0.000000   0.000000
28    73         8          2   total  0.000000   0.000000
27    73         8          3   total  0.000000   0.000000
26    73         8          4   total  0.000000   0.000000
25    73         8          5   total  0.000000   0.000000
24    73         8          6   total  0.000000   0.000000
23    73         8          7   total  0.019101   0.001325
22    73         8          8   total -0.323279   0.014109
21    73         8          9   total  0.627941   0.009781
20    73         8         10   total  0.330165   0.005902
19    73         9          1   total  0.000000   0.000000
18    73         9          2   total  0.000000   0.000000
17    73         9          3   total  0.000000   0.000000
16    73         9          4   total  0.000000   0.000000
15    73         9          5   total  0.000000   0.000000
14    73         9          6   total  0.000000   0.000000
13    73         9          7   total  0.000273   0.000099
12    73         9          8   total  0.070277   0.001671
11    73         9          9   total  0.009817   0.010023
10    73         9         10   total  0.781120   0.008051
9     73        10          1   total  0.000000   0.000000
8     73        10          2   total  0.000000   0.000000
7     73        10          3   total  0.000000   0.000000
6     73        10          4   total  0.000000   0.000000
5     73        10          5   total  0.000000   0.000000
4     73        10          6   total  0.000000   0.000000
3     73        10          7   total  0.000019   0.000019
2     73        10          8   total  0.016066   0.000547
1     73        10          9   total  0.376359   0.004189
0     73        10         10   total  1.062123   0.016256







FUEL CELL 5, with center at (1.8900000000000001,1.8900000000000001)
-------------------------------------------------------------------------------


TOTAL FUEL CELL 5, with center at (1.8900000000000001,1.8900000000000001)
   cell  group in nuclide      mean  std. dev.
9    74         1   total  0.270955   0.001423
8    74         2   total  0.881234   0.003755
7    74         3   total  1.485245   0.008325
6    74         4   total  1.496768   0.013073
5    74         5   total  1.499415   0.018652
4    74         6   total  1.510737   0.014350
3    74         7   total  1.543590   0.020057
2    74         8   total  1.596184   0.018874
1    74         9   total  1.716516   0.012362
0    74        10   total  2.249775   0.016482

ABSOR FUEL CELL 5, with center at (1.8900000000000001,1.8900000000000001)
   cell  group in nuclide      mean     std. dev.
9    74         1   total  0.000363  5.199143e-06
8    74         2   total  0.000013  5.848482e-08
7    74         3   total  0.000202  1.223011e-06
6    74         4   total  0.000808  7.067350e-06
5    74         5   total  0.001417  1.774380e-05
4    74         6   total  0.002909  2.815734e-05
3    74         7   total  0.005508  7.171557e-05
2    74         8   total  0.008120  9.578562e-05
1    74         9   total  0.012177  8.793050e-05
0    74        10   total  0.023100  1.719507e-04

SCATTER FUEL CELL 5, with center at (1.8900000000000001,1.8900000000000001)
    cell  group in  group out nuclide      mean  std. dev.
99    74         1          1   total  0.067061   0.001575
98    74         1          2   total  0.111346   0.001216
97    74         1          3   total  0.000754   0.000076
96    74         1          4   total  0.000000   0.000000
95    74         1          5   total  0.000000   0.000000
94    74         1          6   total  0.000000   0.000000
93    74         1          7   total  0.000000   0.000000
92    74         1          8   total  0.000000   0.000000
91    74         1          9   total  0.000000   0.000000
90    74         1         10   total  0.000000   0.000000
89    74         2          1   total  0.000000   0.000000
88    74         2          2   total  0.244668   0.003892
87    74         2          3   total  0.145586   0.001199
86    74         2          4   total  0.000774   0.000076
85    74         2          5   total  0.000216   0.000044
84    74         2          6   total  0.000052   0.000019
83    74         2          7   total  0.000037   0.000016
82    74         2          8   total  0.000007   0.000007
81    74         2          9   total  0.000000   0.000000
80    74         2         10   total  0.000007   0.000007
79    74         3          1   total  0.000000   0.000000
78    74         3          2   total  0.000000   0.000000
77    74         3          3   total  0.297264   0.007772
76    74         3          4   total  0.202124   0.001897
75    74         3          5   total  0.040252   0.000821
74    74         3          6   total  0.022726   0.000632
73    74         3          7   total  0.002220   0.000181
72    74         3          8   total  0.001052   0.000132
71    74         3          9   total  0.000497   0.000077
70    74         3         10   total  0.000321   0.000065
69    74         4          1   total  0.000000   0.000000
68    74         4          2   total  0.000000   0.000000
67    74         4          3   total  0.000000   0.000000
66    74         4          4   total -0.194543   0.010796
65    74         4          5   total  0.457168   0.006133
64    74         4          6   total  0.245450   0.004192
63    74         4          7   total  0.025616   0.001262
62    74         4          8   total  0.009037   0.000745
61    74         4          9   total  0.005699   0.000594
60    74         4         10   total  0.003511   0.000460
59    74         5          1   total  0.000000   0.000000
58    74         5          2   total  0.000000   0.000000
57    74         5          3   total  0.000000   0.000000
56    74         5          4   total  0.000000   0.000000
55    74         5          5   total -0.370455   0.013977
54    74         5          6   total  0.769018   0.011428
53    74         5          7   total  0.075352   0.002777
52    74         5          8   total  0.030065   0.001627
51    74         5          9   total  0.016066   0.001168
50    74         5         10   total  0.010053   0.001022
49    74         6          1   total  0.000000   0.000000
48    74         6          2   total  0.000000   0.000000
47    74         6          3   total  0.000000   0.000000
46    74         6          4   total  0.000000   0.000000
45    74         6          5   total  0.000045   0.000045
44    74         6          6   total -0.026824   0.011263
43    74         6          7   total  0.351271   0.004821
42    74         6          8   total  0.141901   0.002508
41    74         6          9   total  0.079859   0.002073
40    74         6         10   total  0.045989   0.001557
39    74         7          1   total  0.000000   0.000000
38    74         7          2   total  0.000000   0.000000
37    74         7          3   total  0.000000   0.000000
36    74         7          4   total  0.000000   0.000000
35    74         7          5   total  0.000000   0.000000
34    74         7          6   total  0.003304   0.000574
33    74         7          7   total -0.323069   0.013795
32    74         7          8   total  0.492462   0.008730
31    74         7          9   total  0.270493   0.006180
30    74         7         10   total  0.156204   0.003805
29    74         8          1   total  0.000000   0.000000
28    74         8          2   total  0.000000   0.000000
27    74         8          3   total  0.000000   0.000000
26    74         8          4   total  0.000000   0.000000
25    74         8          5   total  0.000000   0.000000
24    74         8          6   total  0.000000   0.000000
23    74         8          7   total  0.021110   0.001545
22    74         8          8   total -0.310035   0.013599
21    74         8          9   total  0.619320   0.008929
20    74         8         10   total  0.334197   0.006102
19    74         9          1   total  0.000000   0.000000
18    74         9          2   total  0.000000   0.000000
17    74         9          3   total  0.000000   0.000000
16    74         9          4   total  0.000000   0.000000
15    74         9          5   total  0.000000   0.000000
14    74         9          6   total  0.000000   0.000000
13    74         9          7   total  0.000182   0.000073
12    74         9          8   total  0.068886   0.001640
11    74         9          9   total  0.015950   0.008778
10    74         9         10   total  0.784561   0.006992
9     74        10          1   total  0.000000   0.000000
8     74        10          2   total  0.000000   0.000000
7     74        10          3   total  0.000000   0.000000
6     74        10          4   total  0.000000   0.000000
5     74        10          5   total  0.000000   0.000000
4     74        10          6   total  0.000000   0.000000
3     74        10          7   total  0.000037   0.000026
2     74        10          8   total  0.014347   0.000528
1     74        10          9   total  0.377826   0.003580
0     74        10         10   total  1.063443   0.014529







FUEL CELL 6, with center at (3.15,1.8900000000000001)
-------------------------------------------------------------------------------


TOTAL FUEL CELL 6, with center at (3.15,1.8900000000000001)
   cell  group in nuclide      mean  std. dev.
9    75         1   total  0.269963   0.001559
8    75         2   total  0.881801   0.004294
7    75         3   total  1.485209   0.008435
6    75         4   total  1.496760   0.015199
5    75         5   total  1.499407   0.019908
4    75         6   total  1.510722   0.016087
3    75         7   total  1.543493   0.023112
2    75         8   total  1.596442   0.022249
1    75         9   total  1.716829   0.015794
0    75        10   total  2.254231   0.019877

ABSOR FUEL CELL 6, with center at (3.15,1.8900000000000001)
   cell  group in nuclide      mean     std. dev.
9    75         1   total  0.000371  5.579017e-06
8    75         2   total  0.000013  6.713512e-08
7    75         3   total  0.000202  1.256528e-06
6    75         4   total  0.000806  8.258044e-06
5    75         5   total  0.001415  1.906086e-05
4    75         6   total  0.002907  3.135246e-05
3    75         7   total  0.005502  8.257505e-05
2    75         8   total  0.008131  1.134442e-04
1    75         9   total  0.012185  1.124944e-04
0    75        10   total  0.023171  2.052100e-04

SCATTER FUEL CELL 6, with center at (3.15,1.8900000000000001)
    cell  group in  group out nuclide      mean  std. dev.
99    75         1          1   total  0.065765   0.001692
98    75         1          2   total  0.111295   0.001217
97    75         1          3   total  0.000684   0.000078
96    75         1          4   total  0.000009   0.000009
95    75         1          5   total  0.000000   0.000000
94    75         1          6   total  0.000000   0.000000
93    75         1          7   total  0.000000   0.000000
92    75         1          8   total  0.000000   0.000000
91    75         1          9   total  0.000000   0.000000
90    75         1         10   total  0.000000   0.000000
89    75         2          1   total  0.000000   0.000000
88    75         2          2   total  0.245730   0.004202
87    75         2          3   total  0.146528   0.001157
86    75         2          4   total  0.000817   0.000075
85    75         2          5   total  0.000150   0.000032
84    75         2          6   total  0.000097   0.000026
83    75         2          7   total  0.000030   0.000015
82    75         2          8   total  0.000007   0.000007
81    75         2          9   total  0.000015   0.000011
80    75         2         10   total  0.000000   0.000000
79    75         3          1   total  0.000000   0.000000
78    75         3          2   total  0.000000   0.000000
77    75         3          3   total  0.296731   0.007541
76    75         3          4   total  0.201382   0.001965
75    75         3          5   total  0.040461   0.000788
74    75         3          6   total  0.022751   0.000587
73    75         3          7   total  0.002236   0.000199
72    75         3          8   total  0.000979   0.000120
71    75         3          9   total  0.000584   0.000090
70    75         3         10   total  0.000307   0.000070
69    75         4          1   total  0.000000   0.000000
68    75         4          2   total  0.000000   0.000000
67    75         4          3   total  0.000000   0.000000
66    75         4          4   total -0.192846   0.011538
65    75         4          5   total  0.451422   0.005869
64    75         4          6   total  0.250243   0.004130
63    75         4          7   total  0.025314   0.001240
62    75         4          8   total  0.010485   0.000726
61    75         4          9   total  0.006372   0.000606
60    75         4         10   total  0.003244   0.000409
59    75         5          1   total  0.000000   0.000000
58    75         5          2   total  0.000000   0.000000
57    75         5          3   total  0.000000   0.000000
56    75         5          4   total  0.000000   0.000000
55    75         5          5   total -0.371188   0.013999
54    75         5          6   total  0.765616   0.010651
53    75         5          7   total  0.077166   0.002803
52    75         5          8   total  0.036175   0.001852
51    75         5          9   total  0.018890   0.001376
50    75         5         10   total  0.009917   0.001037
49    75         6          1   total  0.000000   0.000000
48    75         6          2   total  0.000000   0.000000
47    75         6          3   total  0.000000   0.000000
46    75         6          4   total  0.000000   0.000000
45    75         6          5   total  0.000000   0.000000
44    75         6          6   total -0.028927   0.011162
43    75         6          7   total  0.350949   0.004915
42    75         6          8   total  0.141483   0.002829
41    75         6          9   total  0.080415   0.002084
40    75         6         10   total  0.045971   0.001436
39    75         7          1   total  0.000000   0.000000
38    75         7          2   total  0.000000   0.000000
37    75         7          3   total  0.000000   0.000000
36    75         7          4   total  0.000000   0.000000
35    75         7          5   total  0.000000   0.000000
34    75         7          6   total  0.004771   0.000683
33    75         7          7   total -0.333192   0.015241
32    75         7          8   total  0.484286   0.008545
31    75         7          9   total  0.273727   0.006235
30    75         7         10   total  0.156000   0.004632
29    75         8          1   total  0.000000   0.000000
28    75         8          2   total  0.000000   0.000000
27    75         8          3   total  0.000000   0.000000
26    75         8          4   total  0.000000   0.000000
25    75         8          5   total  0.000000   0.000000
24    75         8          6   total  0.000000   0.000000
23    75         8          7   total  0.019707   0.001362
22    75         8          8   total -0.306123   0.014259
21    75         8          9   total  0.620460   0.009982
20    75         8         10   total  0.332026   0.006520
19    75         9          1   total  0.000000   0.000000
18    75         9          2   total  0.000000   0.000000
17    75         9          3   total  0.000000   0.000000
16    75         9          4   total  0.000000   0.000000
15    75         9          5   total  0.000000   0.000000
14    75         9          6   total  0.000000   0.000000
13    75         9          7   total  0.000122   0.000061
12    75         9          8   total  0.071421   0.001513
11    75         9          9   total  0.016333   0.010673
10    75         9         10   total  0.781456   0.007902
9     75        10          1   total  0.000000   0.000000
8     75        10          2   total  0.000000   0.000000
7     75        10          3   total  0.000000   0.000000
6     75        10          4   total  0.000000   0.000000
5     75        10          5   total  0.000000   0.000000
4     75        10          6   total  0.000000   0.000000
3     75        10          7   total  0.000075   0.000037
2     75        10          8   total  0.014829   0.000548
1     75        10          9   total  0.377079   0.003910
0     75        10         10   total  1.071221   0.015636







FUEL CELL 7, with center at (0.63,3.15)
-------------------------------------------------------------------------------


TOTAL FUEL CELL 7, with center at (0.63,3.15)
   cell  group in nuclide      mean  std. dev.
9    76         1   total  0.270272   0.001856
8    76         2   total  0.881254   0.005220
7    76         3   total  1.485263   0.010305
6    76         4   total  1.496765   0.018170
5    76         5   total  1.499419   0.022265
4    76         6   total  1.510803   0.016934
3    76         7   total  1.543519   0.023675
2    76         8   total  1.596288   0.022472
1    76         9   total  1.716239   0.017696
0    76        10   total  2.251195   0.021459

ABSOR FUEL CELL 7, with center at (0.63,3.15)
   cell  group in nuclide      mean     std. dev.
9    76         1   total  0.000365  5.754698e-06
8    76         2   total  0.000013  8.221710e-08
7    76         3   total  0.000202  1.514642e-06
6    76         4   total  0.000807  9.859907e-06
5    76         5   total  0.001417  2.114817e-05
4    76         6   total  0.002915  3.304927e-05
3    76         7   total  0.005504  8.436054e-05
2    76         8   total  0.008124  1.141668e-04
1    76         9   total  0.012169  1.257855e-04
0    76        10   total  0.023125  2.218308e-04

SCATTER FUEL CELL 7, with center at (0.63,3.15)
    cell  group in  group out nuclide      mean  std. dev.
99    76         1          1   total  0.067521   0.001655
98    76         1          2   total  0.110479   0.001198
97    76         1          3   total  0.000598   0.000072
96    76         1          4   total  0.000000   0.000000
95    76         1          5   total  0.000000   0.000000
94    76         1          6   total  0.000000   0.000000
93    76         1          7   total  0.000000   0.000000
92    76         1          8   total  0.000000   0.000000
91    76         1          9   total  0.000000   0.000000
90    76         1         10   total  0.000000   0.000000
89    76         2          1   total  0.000000   0.000000
88    76         2          2   total  0.246803   0.004525
87    76         2          3   total  0.146608   0.001315
86    76         2          4   total  0.000833   0.000072
85    76         2          5   total  0.000135   0.000030
84    76         2          6   total  0.000083   0.000026
83    76         2          7   total  0.000008   0.000008
82    76         2          8   total  0.000000   0.000000
81    76         2          9   total  0.000000   0.000000
80    76         2         10   total  0.000000   0.000000
79    76         3          1   total  0.000000   0.000000
78    76         3          2   total  0.000000   0.000000
77    76         3          3   total  0.301550   0.008565
76    76         3          4   total  0.200960   0.002105
75    76         3          5   total  0.039518   0.000796
74    76         3          6   total  0.023409   0.000602
73    76         3          7   total  0.002096   0.000164
72    76         3          8   total  0.000879   0.000113
71    76         3          9   total  0.000528   0.000092
70    76         3         10   total  0.000278   0.000061
69    76         4          1   total  0.000000   0.000000
68    76         4          2   total  0.000000   0.000000
67    76         4          3   total  0.000000   0.000000
66    76         4          4   total -0.199892   0.012655
65    76         4          5   total  0.454493   0.006281
64    76         4          6   total  0.250360   0.004287
63    76         4          7   total  0.025030   0.001321
62    76         4          8   total  0.011789   0.000846
61    76         4          9   total  0.005633   0.000606
60    76         4         10   total  0.002846   0.000389
59    76         5          1   total  0.000000   0.000000
58    76         5          2   total  0.000000   0.000000
57    76         5          3   total  0.000000   0.000000
56    76         5          4   total  0.000000   0.000000
55    76         5          5   total -0.365481   0.014893
54    76         5          6   total  0.763215   0.011647
53    76         5          7   total  0.077301   0.002551
52    76         5          8   total  0.029564   0.001704
51    76         5          9   total  0.021373   0.001509
50    76         5         10   total  0.011299   0.001033
49    76         6          1   total  0.000000   0.000000
48    76         6          2   total  0.000000   0.000000
47    76         6          3   total  0.000000   0.000000
46    76         6          4   total  0.000000   0.000000
45    76         6          5   total  0.000045   0.000045
44    76         6          6   total -0.031652   0.013058
43    76         6          7   total  0.346054   0.004881
42    76         6          8   total  0.142246   0.002879
41    76         6          9   total  0.077790   0.001982
40    76         6         10   total  0.043483   0.001334
39    76         7          1   total  0.000000   0.000000
38    76         7          2   total  0.000000   0.000000
37    76         7          3   total  0.000000   0.000000
36    76         7          4   total  0.000000   0.000000
35    76         7          5   total  0.000000   0.000000
34    76         7          6   total  0.003859   0.000677
33    76         7          7   total -0.328214   0.015377
32    76         7          8   total  0.494593   0.008876
31    76         7          9   total  0.273580   0.006032
30    76         7         10   total  0.154886   0.004114
29    76         8          1   total  0.000000   0.000000
28    76         8          2   total  0.000000   0.000000
27    76         8          3   total  0.000000   0.000000
26    76         8          4   total  0.000000   0.000000
25    76         8          5   total  0.000000   0.000000
24    76         8          6   total  0.000000   0.000000
23    76         8          7   total  0.021226   0.001417
22    76         8          8   total -0.308557   0.015652
21    76         8          9   total  0.614281   0.009980
20    76         8         10   total  0.333605   0.006511
19    76         9          1   total  0.000000   0.000000
18    76         9          2   total  0.000000   0.000000
17    76         9          3   total  0.000000   0.000000
16    76         9          4   total  0.000000   0.000000
15    76         9          5   total  0.000000   0.000000
14    76         9          6   total  0.000000   0.000000
13    76         9          7   total  0.000152   0.000067
12    76         9          8   total  0.069006   0.001542
11    76         9          9   total  0.020222   0.010394
10    76         9         10   total  0.781158   0.008297
9     76        10          1   total  0.000000   0.000000
8     76        10          2   total  0.000000   0.000000
7     76        10          3   total  0.000000   0.000000
6     76        10          4   total  0.000000   0.000000
5     76        10          5   total  0.000000   0.000000
4     76        10          6   total  0.000000   0.000000
3     76        10          7   total  0.000056   0.000032
2     76        10          8   total  0.014797   0.000579
1     76        10          9   total  0.378801   0.004367
0     76        10         10   total  1.063169   0.017757







FUEL CELL 8, with center at (1.8900000000000001,3.15)
-------------------------------------------------------------------------------


TOTAL FUEL CELL 8, with center at (1.8900000000000001,3.15)
   cell  group in nuclide      mean  std. dev.
9    77         1   total  0.270718   0.001646
8    77         2   total  0.881481   0.004762
7    77         3   total  1.485228   0.009467
6    77         4   total  1.496765   0.016283
5    77         5   total  1.499421   0.021111
4    77         6   total  1.510735   0.015274
3    77         7   total  1.543585   0.021270
2    77         8   total  1.596208   0.022352
1    77         9   total  1.716357   0.015305
0    77        10   total  2.254155   0.019394

ABSOR FUEL CELL 8, with center at (1.8900000000000001,3.15)
   cell  group in nuclide      mean     std. dev.
9    77         1   total  0.000366  5.631656e-06
8    77         2   total  0.000013  7.486342e-08
7    77         3   total  0.000202  1.352458e-06
6    77         4   total  0.000807  8.790157e-06
5    77         5   total  0.001418  2.002585e-05
4    77         6   total  0.002909  2.967246e-05
3    77         7   total  0.005508  7.614632e-05
2    77         8   total  0.008120  1.138699e-04
1    77         9   total  0.012172  1.088758e-04
0    77        10   total  0.023173  2.009555e-04

SCATTER FUEL CELL 8, with center at (1.8900000000000001,3.15)
    cell  group in  group out nuclide      mean  std. dev.
99    77         1          1   total  0.067663   0.001659
98    77         1          2   total  0.110229   0.001190
97    77         1          3   total  0.000809   0.000080
96    77         1          4   total  0.000009   0.000009
95    77         1          5   total  0.000000   0.000000
94    77         1          6   total  0.000000   0.000000
93    77         1          7   total  0.000000   0.000000
92    77         1          8   total  0.000000   0.000000
91    77         1          9   total  0.000000   0.000000
90    77         1         10   total  0.000000   0.000000
89    77         2          1   total  0.000000   0.000000
88    77         2          2   total  0.244163   0.004672
87    77         2          3   total  0.147984   0.001247
86    77         2          4   total  0.000732   0.000069
85    77         2          5   total  0.000127   0.000035
84    77         2          6   total  0.000090   0.000025
83    77         2          7   total  0.000007   0.000007
82    77         2          8   total  0.000000   0.000000
81    77         2          9   total  0.000000   0.000000
80    77         2         10   total  0.000000   0.000000
79    77         3          1   total  0.000000   0.000000
78    77         3          2   total  0.000000   0.000000
77    77         3          3   total  0.295859   0.008651
76    77         3          4   total  0.202817   0.001981
75    77         3          5   total  0.039198   0.000821
74    77         3          6   total  0.021179   0.000582
73    77         3          7   total  0.002334   0.000182
72    77         3          8   total  0.000826   0.000113
71    77         3          9   total  0.000536   0.000085
70    77         3         10   total  0.000362   0.000068
69    77         4          1   total  0.000000   0.000000
68    77         4          2   total  0.000000   0.000000
67    77         4          3   total  0.000000   0.000000
66    77         4          4   total -0.199331   0.012963
65    77         4          5   total  0.456969   0.006508
64    77         4          6   total  0.247344   0.004357
63    77         4          7   total  0.026225   0.001195
62    77         4          8   total  0.012419   0.000830
61    77         4          9   total  0.006065   0.000549
60    77         4         10   total  0.003350   0.000428
59    77         5          1   total  0.000000   0.000000
58    77         5          2   total  0.000000   0.000000
57    77         5          3   total  0.000000   0.000000
56    77         5          4   total  0.000000   0.000000
55    77         5          5   total -0.390540   0.014609
54    77         5          6   total  0.774413   0.011503
53    77         5          7   total  0.075782   0.002836
52    77         5          8   total  0.033190   0.001798
51    77         5          9   total  0.020049   0.001365
50    77         5         10   total  0.010936   0.001049
49    77         6          1   total  0.000000   0.000000
48    77         6          2   total  0.000000   0.000000
47    77         6          3   total  0.000000   0.000000
46    77         6          4   total  0.000000   0.000000
45    77         6          5   total  0.000000   0.000000
44    77         6          6   total -0.031498   0.012262
43    77         6          7   total  0.349090   0.004880
42    77         6          8   total  0.138922   0.002972
41    77         6          9   total  0.080084   0.001973
40    77         6         10   total  0.048307   0.001496
39    77         7          1   total  0.000000   0.000000
38    77         7          2   total  0.000000   0.000000
37    77         7          3   total  0.000000   0.000000
36    77         7          4   total  0.000000   0.000000
35    77         7          5   total  0.000000   0.000000
34    77         7          6   total  0.002675   0.000511
33    77         7          7   total -0.319838   0.013836
32    77         7          8   total  0.501025   0.008839
31    77         7          9   total  0.269854   0.005650
30    77         7         10   total  0.145061   0.003887
29    77         8          1   total  0.000000   0.000000
28    77         8          2   total  0.000000   0.000000
27    77         8          3   total  0.000000   0.000000
26    77         8          4   total  0.000000   0.000000
25    77         8          5   total  0.000000   0.000000
24    77         8          6   total  0.000000   0.000000
23    77         8          7   total  0.020720   0.001260
22    77         8          8   total -0.300715   0.015024
21    77         8          9   total  0.621154   0.009183
20    77         8         10   total  0.333796   0.006204
19    77         9          1   total  0.000000   0.000000
18    77         9          2   total  0.000000   0.000000
17    77         9          3   total  0.000000   0.000000
16    77         9          4   total  0.000000   0.000000
15    77         9          5   total  0.000000   0.000000
14    77         9          6   total  0.000000   0.000000
13    77         9          7   total  0.000302   0.000093
12    77         9          8   total  0.067190   0.001528
11    77         9          9   total  0.019501   0.010027
10    77         9         10   total  0.781395   0.007661
9     77        10          1   total  0.000000   0.000000
8     77        10          2   total  0.000000   0.000000
7     77        10          3   total  0.000000   0.000000
6     77        10          4   total  0.000000   0.000000
5     77        10          5   total  0.000000   0.000000
4     77        10          6   total  0.000000   0.000000
3     77        10          7   total  0.000038   0.000026
2     77        10          8   total  0.014660   0.000538
1     77        10          9   total  0.374175   0.003857
0     77        10         10   total  1.063741   0.015476







FUEL CELL 9, with center at (3.15,3.15)
-------------------------------------------------------------------------------


TOTAL FUEL CELL 9, with center at (3.15,3.15)
   cell  group in nuclide      mean  std. dev.
9    78         1   total  0.269736   0.001825
8    78         2   total  0.881330   0.004902
7    78         3   total  1.485144   0.010173
6    78         4   total  1.496761   0.017929
5    78         5   total  1.499411   0.022291
4    78         6   total  1.510729   0.017076
3    78         7   total  1.543527   0.022859
2    78         8   total  1.596138   0.023900
1    78         9   total  1.716303   0.017640
0    78        10   total  2.254546   0.021855

ABSOR FUEL CELL 9, with center at (3.15,3.15)
   cell  group in nuclide      mean     std. dev.
9    78         1   total  0.000370  6.110892e-06
8    78         2   total  0.000013  7.574270e-08
7    78         3   total  0.000202  1.474110e-06
6    78         4   total  0.000806  9.687165e-06
5    78         5   total  0.001416  2.114783e-05
4    78         6   total  0.002907  3.350776e-05
3    78         7   total  0.005504  8.143079e-05
2    78         8   total  0.008118  1.218846e-04
1    78         9   total  0.012171  1.254858e-04
0    78        10   total  0.023179  2.248482e-04

SCATTER FUEL CELL 9, with center at (3.15,3.15)
    cell  group in  group out nuclide      mean  std. dev.
99    78         1          1   total  0.067815   0.001572
98    78         1          2   total  0.109298   0.001098
97    78         1          3   total  0.000788   0.000077
96    78         1          4   total  0.000009   0.000009
95    78         1          5   total  0.000000   0.000000
94    78         1          6   total  0.000000   0.000000
93    78         1          7   total  0.000000   0.000000
92    78         1          8   total  0.000000   0.000000
91    78         1          9   total  0.000000   0.000000
90    78         1         10   total  0.000000   0.000000
89    78         2          1   total  0.000000   0.000000
88    78         2          2   total  0.246391   0.004277
87    78         2          3   total  0.147447   0.001168
86    78         2          4   total  0.000827   0.000075
85    78         2          5   total  0.000216   0.000040
84    78         2          6   total  0.000127   0.000029
83    78         2          7   total  0.000007   0.000007
82    78         2          8   total  0.000015   0.000011
81    78         2          9   total  0.000000   0.000000
80    78         2         10   total  0.000000   0.000000
79    78         3          1   total  0.000000   0.000000
78    78         3          2   total  0.000000   0.000000
77    78         3          3   total  0.296878   0.008763
76    78         3          4   total  0.202813   0.001962
75    78         3          5   total  0.038707   0.000789
74    78         3          6   total  0.022602   0.000560
73    78         3          7   total  0.002301   0.000198
72    78         3          8   total  0.001071   0.000123
71    78         3          9   total  0.000521   0.000081
70    78         3         10   total  0.000188   0.000050
69    78         4          1   total  0.000000   0.000000
68    78         4          2   total  0.000000   0.000000
67    78         4          3   total  0.000000   0.000000
66    78         4          4   total -0.202206   0.012192
65    78         4          5   total  0.449658   0.006580
64    78         4          6   total  0.253366   0.004046
63    78         4          7   total  0.026001   0.001350
62    78         4          8   total  0.009852   0.000807
61    78         4          9   total  0.006529   0.000593
60    78         4         10   total  0.003323   0.000446
59    78         5          1   total  0.000000   0.000000
58    78         5          2   total  0.000000   0.000000
57    78         5          3   total  0.000000   0.000000
56    78         5          4   total  0.000000   0.000000
55    78         5          5   total -0.363401   0.015638
54    78         5          6   total  0.766471   0.011451
53    78         5          7   total  0.075820   0.002676
52    78         5          8   total  0.032320   0.001598
51    78         5          9   total  0.020294   0.001363
50    78         5         10   total  0.010241   0.000941
49    78         6          1   total  0.000000   0.000000
48    78         6          2   total  0.000000   0.000000
47    78         6          3   total  0.000000   0.000000
46    78         6          4   total  0.000000   0.000000
45    78         6          5   total  0.000000   0.000000
44    78         6          6   total -0.032060   0.012282
43    78         6          7   total  0.348538   0.004775
42    78         6          8   total  0.139217   0.002958
41    78         6          9   total  0.080908   0.002069
40    78         6         10   total  0.048183   0.001701
39    78         7          1   total  0.000000   0.000000
38    78         7          2   total  0.000000   0.000000
37    78         7          3   total  0.000000   0.000000
36    78         7          4   total  0.000000   0.000000
35    78         7          5   total  0.000000   0.000000
34    78         7          6   total  0.004082   0.000690
33    78         7          7   total -0.318003   0.015304
32    78         7          8   total  0.483470   0.009539
31    78         7          9   total  0.269943   0.006087
30    78         7         10   total  0.161610   0.004654
29    78         8          1   total  0.000000   0.000000
28    78         8          2   total  0.000000   0.000000
27    78         8          3   total  0.000000   0.000000
26    78         8          4   total  0.000000   0.000000
25    78         8          5   total  0.000000   0.000000
24    78         8          6   total  0.000000   0.000000
23    78         8          7   total  0.022215   0.001265
22    78         8          8   total -0.311362   0.015837
21    78         8          9   total  0.616157   0.010325
20    78         8         10   total  0.339618   0.006702
19    78         9          1   total  0.000000   0.000000
18    78         9          2   total  0.000000   0.000000
17    78         9          3   total  0.000000   0.000000
16    78         9          4   total  0.000000   0.000000
15    78         9          5   total  0.000000   0.000000
14    78         9          6   total  0.000000   0.000000
13    78         9          7   total  0.000121   0.000060
12    78         9          8   total  0.071903   0.001538
11    78         9          9   total  0.015831   0.011142
10    78         9         10   total  0.780870   0.008449
9     78        10          1   total  0.000000   0.000000
8     78        10          2   total  0.000000   0.000000
7     78        10          3   total  0.000000   0.000000
6     78        10          4   total  0.000000   0.000000
5     78        10          5   total  0.000000   0.000000
4     78        10          6   total  0.000000   0.000000
3     78        10          7   total  0.000019   0.000019
2     78        10          8   total  0.014704   0.000567
1     78        10          9   total  0.379049   0.004555
0     78        10         10   total  1.059025   0.017153







